"Constant condition","A condition that always evaluates to 'true' or always evaluates to 'false' should be removed, and if the condition is a loop condition, the condition is likely to cause an infinite loop.","warning","Condition always evaluates to 'true'.","/CWE197_Numeric_Truncation_Error__double_Environment_to_float_02.cs","29","13","29","16"
"Constant condition","A condition that always evaluates to 'true' or always evaluates to 'false' should be removed, and if the condition is a loop condition, the condition is likely to cause an infinite loop.","warning","Condition always evaluates to 'true'.","/CWE197_Numeric_Truncation_Error__double_Environment_to_float_03.cs","29","13","29","18"
"Constant condition","A condition that always evaluates to 'true' or always evaluates to 'false' should be removed, and if the condition is a loop condition, the condition is likely to cause an infinite loop.","warning","Condition always evaluates to 'true'.","/CWE197_Numeric_Truncation_Error__double_Environment_to_float_06.cs","35","13","35","35"
"Constant condition","A condition that always evaluates to 'true' or always evaluates to 'false' should be removed, and if the condition is a loop condition, the condition is likely to cause an infinite loop.","warning","Pattern always matches.","/CWE197_Numeric_Truncation_Error__double_Environment_to_float_15.cs","31","14","31","14"
"Constant condition","A condition that always evaluates to 'true' or always evaluates to 'false' should be removed, and if the condition is a loop condition, the condition is likely to cause an infinite loop.","warning","Condition always evaluates to 'true'.","/CWE197_Numeric_Truncation_Error__double_Environment_to_int_02.cs","29","13","29","16"
"Constant condition","A condition that always evaluates to 'true' or always evaluates to 'false' should be removed, and if the condition is a loop condition, the condition is likely to cause an infinite loop.","warning","Condition always evaluates to 'true'.","/CWE197_Numeric_Truncation_Error__double_Environment_to_int_03.cs","29","13","29","18"
"Constant condition","A condition that always evaluates to 'true' or always evaluates to 'false' should be removed, and if the condition is a loop condition, the condition is likely to cause an infinite loop.","warning","Condition always evaluates to 'true'.","/CWE197_Numeric_Truncation_Error__double_Environment_to_int_06.cs","35","13","35","35"
"Constant condition","A condition that always evaluates to 'true' or always evaluates to 'false' should be removed, and if the condition is a loop condition, the condition is likely to cause an infinite loop.","warning","Pattern always matches.","/CWE197_Numeric_Truncation_Error__double_Environment_to_int_15.cs","31","14","31","14"
"Constant condition","A condition that always evaluates to 'true' or always evaluates to 'false' should be removed, and if the condition is a loop condition, the condition is likely to cause an infinite loop.","warning","Condition always evaluates to 'true'.","/CWE197_Numeric_Truncation_Error__double_Environment_to_long_02.cs","29","13","29","16"
"Constant condition","A condition that always evaluates to 'true' or always evaluates to 'false' should be removed, and if the condition is a loop condition, the condition is likely to cause an infinite loop.","warning","Condition always evaluates to 'true'.","/CWE197_Numeric_Truncation_Error__double_Environment_to_long_03.cs","29","13","29","18"
"Constant condition","A condition that always evaluates to 'true' or always evaluates to 'false' should be removed, and if the condition is a loop condition, the condition is likely to cause an infinite loop.","warning","Condition always evaluates to 'true'.","/CWE197_Numeric_Truncation_Error__double_Environment_to_long_06.cs","35","13","35","35"
"Constant condition","A condition that always evaluates to 'true' or always evaluates to 'false' should be removed, and if the condition is a loop condition, the condition is likely to cause an infinite loop.","warning","Pattern always matches.","/CWE197_Numeric_Truncation_Error__double_Environment_to_long_15.cs","31","14","31","14"
"Constant condition","A condition that always evaluates to 'true' or always evaluates to 'false' should be removed, and if the condition is a loop condition, the condition is likely to cause an infinite loop.","warning","Condition always evaluates to 'true'.","/CWE197_Numeric_Truncation_Error__double_Environment_to_short_02.cs","29","13","29","16"
"Constant condition","A condition that always evaluates to 'true' or always evaluates to 'false' should be removed, and if the condition is a loop condition, the condition is likely to cause an infinite loop.","warning","Condition always evaluates to 'true'.","/CWE197_Numeric_Truncation_Error__double_Environment_to_short_03.cs","29","13","29","18"
"Constant condition","A condition that always evaluates to 'true' or always evaluates to 'false' should be removed, and if the condition is a loop condition, the condition is likely to cause an infinite loop.","warning","Condition always evaluates to 'true'.","/CWE197_Numeric_Truncation_Error__double_Environment_to_short_06.cs","35","13","35","35"
"Constant condition","A condition that always evaluates to 'true' or always evaluates to 'false' should be removed, and if the condition is a loop condition, the condition is likely to cause an infinite loop.","warning","Pattern always matches.","/CWE197_Numeric_Truncation_Error__double_Environment_to_short_15.cs","31","14","31","14"
"Constant condition","A condition that always evaluates to 'true' or always evaluates to 'false' should be removed, and if the condition is a loop condition, the condition is likely to cause an infinite loop.","warning","Condition always evaluates to 'true'.","/CWE197_Numeric_Truncation_Error__double_File_to_byte_02.cs","31","13","31","16"
"Constant condition","A condition that always evaluates to 'true' or always evaluates to 'false' should be removed, and if the condition is a loop condition, the condition is likely to cause an infinite loop.","warning","Condition always evaluates to 'true'.","/CWE197_Numeric_Truncation_Error__double_File_to_byte_03.cs","31","13","31","18"
"Constant condition","A condition that always evaluates to 'true' or always evaluates to 'false' should be removed, and if the condition is a loop condition, the condition is likely to cause an infinite loop.","warning","Condition always evaluates to 'true'.","/CWE197_Numeric_Truncation_Error__double_File_to_byte_06.cs","37","13","37","35"
"Constant condition","A condition that always evaluates to 'true' or always evaluates to 'false' should be removed, and if the condition is a loop condition, the condition is likely to cause an infinite loop.","warning","Pattern always matches.","/CWE197_Numeric_Truncation_Error__double_File_to_byte_15.cs","33","14","33","14"
"Constant condition","A condition that always evaluates to 'true' or always evaluates to 'false' should be removed, and if the condition is a loop condition, the condition is likely to cause an infinite loop.","warning","Condition always evaluates to 'true'.","/CWE197_Numeric_Truncation_Error__double_File_to_float_02.cs","31","13","31","16"
"Constant condition","A condition that always evaluates to 'true' or always evaluates to 'false' should be removed, and if the condition is a loop condition, the condition is likely to cause an infinite loop.","warning","Condition always evaluates to 'true'.","/CWE197_Numeric_Truncation_Error__double_File_to_float_03.cs","31","13","31","18"
"Constant condition","A condition that always evaluates to 'true' or always evaluates to 'false' should be removed, and if the condition is a loop condition, the condition is likely to cause an infinite loop.","warning","Condition always evaluates to 'true'.","/CWE197_Numeric_Truncation_Error__double_File_to_float_06.cs","37","13","37","35"
"Constant condition","A condition that always evaluates to 'true' or always evaluates to 'false' should be removed, and if the condition is a loop condition, the condition is likely to cause an infinite loop.","warning","Pattern always matches.","/CWE197_Numeric_Truncation_Error__double_File_to_float_15.cs","33","14","33","14"
"Constant condition","A condition that always evaluates to 'true' or always evaluates to 'false' should be removed, and if the condition is a loop condition, the condition is likely to cause an infinite loop.","warning","Condition always evaluates to 'true'.","/CWE197_Numeric_Truncation_Error__double_File_to_int_02.cs","31","13","31","16"
"Constant condition","A condition that always evaluates to 'true' or always evaluates to 'false' should be removed, and if the condition is a loop condition, the condition is likely to cause an infinite loop.","warning","Condition always evaluates to 'true'.","/CWE197_Numeric_Truncation_Error__double_File_to_int_03.cs","31","13","31","18"
"Constant condition","A condition that always evaluates to 'true' or always evaluates to 'false' should be removed, and if the condition is a loop condition, the condition is likely to cause an infinite loop.","warning","Condition always evaluates to 'true'.","/CWE197_Numeric_Truncation_Error__double_File_to_int_06.cs","37","13","37","35"
"Constant condition","A condition that always evaluates to 'true' or always evaluates to 'false' should be removed, and if the condition is a loop condition, the condition is likely to cause an infinite loop.","warning","Pattern always matches.","/CWE197_Numeric_Truncation_Error__double_File_to_int_15.cs","33","14","33","14"
"Constant condition","A condition that always evaluates to 'true' or always evaluates to 'false' should be removed, and if the condition is a loop condition, the condition is likely to cause an infinite loop.","warning","Condition always evaluates to 'true'.","/CWE197_Numeric_Truncation_Error__double_File_to_long_02.cs","31","13","31","16"
"Constant condition","A condition that always evaluates to 'true' or always evaluates to 'false' should be removed, and if the condition is a loop condition, the condition is likely to cause an infinite loop.","warning","Condition always evaluates to 'true'.","/CWE197_Numeric_Truncation_Error__double_File_to_long_03.cs","31","13","31","18"
"Constant condition","A condition that always evaluates to 'true' or always evaluates to 'false' should be removed, and if the condition is a loop condition, the condition is likely to cause an infinite loop.","warning","Condition always evaluates to 'true'.","/CWE197_Numeric_Truncation_Error__double_File_to_long_06.cs","37","13","37","35"
"Constant condition","A condition that always evaluates to 'true' or always evaluates to 'false' should be removed, and if the condition is a loop condition, the condition is likely to cause an infinite loop.","warning","Pattern always matches.","/CWE197_Numeric_Truncation_Error__double_File_to_long_15.cs","33","14","33","14"
"Constant condition","A condition that always evaluates to 'true' or always evaluates to 'false' should be removed, and if the condition is a loop condition, the condition is likely to cause an infinite loop.","warning","Condition always evaluates to 'true'.","/CWE197_Numeric_Truncation_Error__double_File_to_short_02.cs","31","13","31","16"
"Constant condition","A condition that always evaluates to 'true' or always evaluates to 'false' should be removed, and if the condition is a loop condition, the condition is likely to cause an infinite loop.","warning","Condition always evaluates to 'true'.","/CWE197_Numeric_Truncation_Error__double_File_to_short_03.cs","31","13","31","18"
"Constant condition","A condition that always evaluates to 'true' or always evaluates to 'false' should be removed, and if the condition is a loop condition, the condition is likely to cause an infinite loop.","warning","Condition always evaluates to 'true'.","/CWE197_Numeric_Truncation_Error__double_File_to_short_06.cs","37","13","37","35"
"Constant condition","A condition that always evaluates to 'true' or always evaluates to 'false' should be removed, and if the condition is a loop condition, the condition is likely to cause an infinite loop.","warning","Pattern always matches.","/CWE197_Numeric_Truncation_Error__double_File_to_short_15.cs","33","14","33","14"
"Constant condition","A condition that always evaluates to 'true' or always evaluates to 'false' should be removed, and if the condition is a loop condition, the condition is likely to cause an infinite loop.","warning","Condition always evaluates to 'true'.","/CWE197_Numeric_Truncation_Error__double_large_to_byte_02.cs","29","13","29","16"
"Constant condition","A condition that always evaluates to 'true' or always evaluates to 'false' should be removed, and if the condition is a loop condition, the condition is likely to cause an infinite loop.","warning","Condition always evaluates to 'true'.","/CWE197_Numeric_Truncation_Error__double_large_to_byte_03.cs","29","13","29","18"
"Constant condition","A condition that always evaluates to 'true' or always evaluates to 'false' should be removed, and if the condition is a loop condition, the condition is likely to cause an infinite loop.","warning","Condition always evaluates to 'true'.","/CWE197_Numeric_Truncation_Error__double_large_to_byte_06.cs","35","13","35","35"
"Constant condition","A condition that always evaluates to 'true' or always evaluates to 'false' should be removed, and if the condition is a loop condition, the condition is likely to cause an infinite loop.","warning","Pattern always matches.","/CWE197_Numeric_Truncation_Error__double_large_to_byte_15.cs","31","14","31","14"
"Constant condition","A condition that always evaluates to 'true' or always evaluates to 'false' should be removed, and if the condition is a loop condition, the condition is likely to cause an infinite loop.","warning","Condition always evaluates to 'true'.","/CWE197_Numeric_Truncation_Error__double_large_to_float_02.cs","29","13","29","16"
"Constant condition","A condition that always evaluates to 'true' or always evaluates to 'false' should be removed, and if the condition is a loop condition, the condition is likely to cause an infinite loop.","warning","Condition always evaluates to 'true'.","/CWE197_Numeric_Truncation_Error__double_large_to_float_03.cs","29","13","29","18"
"Constant condition","A condition that always evaluates to 'true' or always evaluates to 'false' should be removed, and if the condition is a loop condition, the condition is likely to cause an infinite loop.","warning","Condition always evaluates to 'true'.","/CWE197_Numeric_Truncation_Error__double_large_to_float_06.cs","35","13","35","35"
"Constant condition","A condition that always evaluates to 'true' or always evaluates to 'false' should be removed, and if the condition is a loop condition, the condition is likely to cause an infinite loop.","warning","Pattern always matches.","/CWE197_Numeric_Truncation_Error__double_large_to_float_15.cs","31","14","31","14"
"Constant condition","A condition that always evaluates to 'true' or always evaluates to 'false' should be removed, and if the condition is a loop condition, the condition is likely to cause an infinite loop.","warning","Condition always evaluates to 'true'.","/CWE197_Numeric_Truncation_Error__double_large_to_int_02.cs","29","13","29","16"
"Constant condition","A condition that always evaluates to 'true' or always evaluates to 'false' should be removed, and if the condition is a loop condition, the condition is likely to cause an infinite loop.","warning","Condition always evaluates to 'true'.","/CWE197_Numeric_Truncation_Error__double_large_to_int_03.cs","29","13","29","18"
"Constant condition","A condition that always evaluates to 'true' or always evaluates to 'false' should be removed, and if the condition is a loop condition, the condition is likely to cause an infinite loop.","warning","Condition always evaluates to 'true'.","/CWE197_Numeric_Truncation_Error__double_large_to_int_06.cs","35","13","35","35"
"Constant condition","A condition that always evaluates to 'true' or always evaluates to 'false' should be removed, and if the condition is a loop condition, the condition is likely to cause an infinite loop.","warning","Pattern always matches.","/CWE197_Numeric_Truncation_Error__double_large_to_int_15.cs","31","14","31","14"
"Constant condition","A condition that always evaluates to 'true' or always evaluates to 'false' should be removed, and if the condition is a loop condition, the condition is likely to cause an infinite loop.","warning","Condition always evaluates to 'true'.","/CWE197_Numeric_Truncation_Error__double_large_to_long_02.cs","29","13","29","16"
"Constant condition","A condition that always evaluates to 'true' or always evaluates to 'false' should be removed, and if the condition is a loop condition, the condition is likely to cause an infinite loop.","warning","Condition always evaluates to 'true'.","/CWE197_Numeric_Truncation_Error__double_large_to_long_03.cs","29","13","29","18"
"Constant condition","A condition that always evaluates to 'true' or always evaluates to 'false' should be removed, and if the condition is a loop condition, the condition is likely to cause an infinite loop.","warning","Condition always evaluates to 'true'.","/CWE197_Numeric_Truncation_Error__double_large_to_long_06.cs","35","13","35","35"
"Constant condition","A condition that always evaluates to 'true' or always evaluates to 'false' should be removed, and if the condition is a loop condition, the condition is likely to cause an infinite loop.","warning","Pattern always matches.","/CWE197_Numeric_Truncation_Error__double_large_to_long_15.cs","31","14","31","14"
"Constant condition","A condition that always evaluates to 'true' or always evaluates to 'false' should be removed, and if the condition is a loop condition, the condition is likely to cause an infinite loop.","warning","Condition always evaluates to 'true'.","/CWE197_Numeric_Truncation_Error__double_large_to_short_02.cs","29","13","29","16"
"Constant condition","A condition that always evaluates to 'true' or always evaluates to 'false' should be removed, and if the condition is a loop condition, the condition is likely to cause an infinite loop.","warning","Condition always evaluates to 'true'.","/CWE197_Numeric_Truncation_Error__double_large_to_short_03.cs","29","13","29","18"
"Constant condition","A condition that always evaluates to 'true' or always evaluates to 'false' should be removed, and if the condition is a loop condition, the condition is likely to cause an infinite loop.","warning","Condition always evaluates to 'true'.","/CWE197_Numeric_Truncation_Error__double_large_to_short_06.cs","35","13","35","35"
"Constant condition","A condition that always evaluates to 'true' or always evaluates to 'false' should be removed, and if the condition is a loop condition, the condition is likely to cause an infinite loop.","warning","Pattern always matches.","/CWE197_Numeric_Truncation_Error__double_large_to_short_15.cs","31","14","31","14"
"Constant condition","A condition that always evaluates to 'true' or always evaluates to 'false' should be removed, and if the condition is a loop condition, the condition is likely to cause an infinite loop.","warning","Condition always evaluates to 'true'.","/CWE197_Numeric_Truncation_Error__double_listen_tcp_to_byte_02.cs","33","13","33","16"
"Constant condition","A condition that always evaluates to 'true' or always evaluates to 'false' should be removed, and if the condition is a loop condition, the condition is likely to cause an infinite loop.","warning","Condition always evaluates to 'true'.","/CWE197_Numeric_Truncation_Error__double_listen_tcp_to_byte_03.cs","33","13","33","18"
"Constant condition","A condition that always evaluates to 'true' or always evaluates to 'false' should be removed, and if the condition is a loop condition, the condition is likely to cause an infinite loop.","warning","Condition always evaluates to 'true'.","/CWE197_Numeric_Truncation_Error__double_listen_tcp_to_byte_06.cs","39","13","39","35"
"Constant condition","A condition that always evaluates to 'true' or always evaluates to 'false' should be removed, and if the condition is a loop condition, the condition is likely to cause an infinite loop.","warning","Pattern always matches.","/CWE197_Numeric_Truncation_Error__double_listen_tcp_to_byte_15.cs","35","14","35","14"
"Constant condition","A condition that always evaluates to 'true' or always evaluates to 'false' should be removed, and if the condition is a loop condition, the condition is likely to cause an infinite loop.","warning","Condition always evaluates to 'true'.","/CWE197_Numeric_Truncation_Error__double_listen_tcp_to_float_02.cs","33","13","33","16"
"Constant condition","A condition that always evaluates to 'true' or always evaluates to 'false' should be removed, and if the condition is a loop condition, the condition is likely to cause an infinite loop.","warning","Condition always evaluates to 'true'.","/CWE197_Numeric_Truncation_Error__double_listen_tcp_to_float_03.cs","33","13","33","18"
"Constant condition","A condition that always evaluates to 'true' or always evaluates to 'false' should be removed, and if the condition is a loop condition, the condition is likely to cause an infinite loop.","warning","Condition always evaluates to 'true'.","/CWE197_Numeric_Truncation_Error__double_listen_tcp_to_float_06.cs","39","13","39","35"
"Constant condition","A condition that always evaluates to 'true' or always evaluates to 'false' should be removed, and if the condition is a loop condition, the condition is likely to cause an infinite loop.","warning","Pattern always matches.","/CWE197_Numeric_Truncation_Error__double_listen_tcp_to_float_15.cs","35","14","35","14"
"Missed 'readonly' opportunity","A private field where all assignments occur as part of the declaration or in a constructor in the same class can be 'readonly'.","recommendation","Field 'privateTrue' can be 'readonly'.","/CWE197_Numeric_Truncation_Error__double_Environment_to_float_05.cs","29","18","29","28"
"Missed 'readonly' opportunity","A private field where all assignments occur as part of the declaration or in a constructor in the same class can be 'readonly'.","recommendation","Field 'privateFalse' can be 'readonly'.","/CWE197_Numeric_Truncation_Error__double_Environment_to_float_05.cs","30","18","30","29"
"Missed 'readonly' opportunity","A private field where all assignments occur as part of the declaration or in a constructor in the same class can be 'readonly'.","recommendation","Field 'privateFive' can be 'readonly'.","/CWE197_Numeric_Truncation_Error__double_Environment_to_float_07.cs","29","17","29","27"
"Missed 'readonly' opportunity","A private field where all assignments occur as part of the declaration or in a constructor in the same class can be 'readonly'.","recommendation","Field 'goodG2B1_private' can be 'readonly'.","/CWE197_Numeric_Truncation_Error__double_Environment_to_float_21.cs","73","18","73","33"
"Missed 'readonly' opportunity","A private field where all assignments occur as part of the declaration or in a constructor in the same class can be 'readonly'.","recommendation","Field 'GoodG2B2_private' can be 'readonly'.","/CWE197_Numeric_Truncation_Error__double_Environment_to_float_21.cs","74","18","74","33"
"Missed 'readonly' opportunity","A private field where all assignments occur as part of the declaration or in a constructor in the same class can be 'readonly'.","recommendation","Field 'goodG2B1PublicStatic' can be 'readonly'.","/CWE197_Numeric_Truncation_Error__double_Environment_to_float_22a.cs","42","24","42","43"
"Missed 'readonly' opportunity","A private field where all assignments occur as part of the declaration or in a constructor in the same class can be 'readonly'.","recommendation","Field 'GoodG2B2PublicStatic' can be 'readonly'.","/CWE197_Numeric_Truncation_Error__double_Environment_to_float_22a.cs","43","24","43","43"
"Missed 'readonly' opportunity","A private field where all assignments occur as part of the declaration or in a constructor in the same class can be 'readonly'.","recommendation","Field 'privateTrue' can be 'readonly'.","/CWE197_Numeric_Truncation_Error__double_Environment_to_int_05.cs","29","18","29","28"
"Missed 'readonly' opportunity","A private field where all assignments occur as part of the declaration or in a constructor in the same class can be 'readonly'.","recommendation","Field 'privateFalse' can be 'readonly'.","/CWE197_Numeric_Truncation_Error__double_Environment_to_int_05.cs","30","18","30","29"
"Missed 'readonly' opportunity","A private field where all assignments occur as part of the declaration or in a constructor in the same class can be 'readonly'.","recommendation","Field 'privateFive' can be 'readonly'.","/CWE197_Numeric_Truncation_Error__double_Environment_to_int_07.cs","29","17","29","27"
"Missed 'readonly' opportunity","A private field where all assignments occur as part of the declaration or in a constructor in the same class can be 'readonly'.","recommendation","Field 'goodG2B1_private' can be 'readonly'.","/CWE197_Numeric_Truncation_Error__double_Environment_to_int_21.cs","73","18","73","33"
"Missed 'readonly' opportunity","A private field where all assignments occur as part of the declaration or in a constructor in the same class can be 'readonly'.","recommendation","Field 'GoodG2B2_private' can be 'readonly'.","/CWE197_Numeric_Truncation_Error__double_Environment_to_int_21.cs","74","18","74","33"
"Missed 'readonly' opportunity","A private field where all assignments occur as part of the declaration or in a constructor in the same class can be 'readonly'.","recommendation","Field 'goodG2B1PublicStatic' can be 'readonly'.","/CWE197_Numeric_Truncation_Error__double_Environment_to_int_22a.cs","42","24","42","43"
"Missed 'readonly' opportunity","A private field where all assignments occur as part of the declaration or in a constructor in the same class can be 'readonly'.","recommendation","Field 'GoodG2B2PublicStatic' can be 'readonly'.","/CWE197_Numeric_Truncation_Error__double_Environment_to_int_22a.cs","43","24","43","43"
"Missed 'readonly' opportunity","A private field where all assignments occur as part of the declaration or in a constructor in the same class can be 'readonly'.","recommendation","Field 'privateTrue' can be 'readonly'.","/CWE197_Numeric_Truncation_Error__double_Environment_to_long_05.cs","29","18","29","28"
"Missed 'readonly' opportunity","A private field where all assignments occur as part of the declaration or in a constructor in the same class can be 'readonly'.","recommendation","Field 'privateFalse' can be 'readonly'.","/CWE197_Numeric_Truncation_Error__double_Environment_to_long_05.cs","30","18","30","29"
"Missed 'readonly' opportunity","A private field where all assignments occur as part of the declaration or in a constructor in the same class can be 'readonly'.","recommendation","Field 'privateFive' can be 'readonly'.","/CWE197_Numeric_Truncation_Error__double_Environment_to_long_07.cs","29","17","29","27"
"Missed 'readonly' opportunity","A private field where all assignments occur as part of the declaration or in a constructor in the same class can be 'readonly'.","recommendation","Field 'goodG2B1_private' can be 'readonly'.","/CWE197_Numeric_Truncation_Error__double_Environment_to_long_21.cs","73","18","73","33"
"Missed 'readonly' opportunity","A private field where all assignments occur as part of the declaration or in a constructor in the same class can be 'readonly'.","recommendation","Field 'GoodG2B2_private' can be 'readonly'.","/CWE197_Numeric_Truncation_Error__double_Environment_to_long_21.cs","74","18","74","33"
"Missed 'readonly' opportunity","A private field where all assignments occur as part of the declaration or in a constructor in the same class can be 'readonly'.","recommendation","Field 'goodG2B1PublicStatic' can be 'readonly'.","/CWE197_Numeric_Truncation_Error__double_Environment_to_long_22a.cs","42","24","42","43"
"Missed 'readonly' opportunity","A private field where all assignments occur as part of the declaration or in a constructor in the same class can be 'readonly'.","recommendation","Field 'GoodG2B2PublicStatic' can be 'readonly'.","/CWE197_Numeric_Truncation_Error__double_Environment_to_long_22a.cs","43","24","43","43"
"Missed 'readonly' opportunity","A private field where all assignments occur as part of the declaration or in a constructor in the same class can be 'readonly'.","recommendation","Field 'privateTrue' can be 'readonly'.","/CWE197_Numeric_Truncation_Error__double_Environment_to_short_05.cs","29","18","29","28"
"Missed 'readonly' opportunity","A private field where all assignments occur as part of the declaration or in a constructor in the same class can be 'readonly'.","recommendation","Field 'privateFalse' can be 'readonly'.","/CWE197_Numeric_Truncation_Error__double_Environment_to_short_05.cs","30","18","30","29"
"Missed 'readonly' opportunity","A private field where all assignments occur as part of the declaration or in a constructor in the same class can be 'readonly'.","recommendation","Field 'privateFive' can be 'readonly'.","/CWE197_Numeric_Truncation_Error__double_Environment_to_short_07.cs","29","17","29","27"
"Missed 'readonly' opportunity","A private field where all assignments occur as part of the declaration or in a constructor in the same class can be 'readonly'.","recommendation","Field 'goodG2B1_private' can be 'readonly'.","/CWE197_Numeric_Truncation_Error__double_Environment_to_short_21.cs","73","18","73","33"
"Missed 'readonly' opportunity","A private field where all assignments occur as part of the declaration or in a constructor in the same class can be 'readonly'.","recommendation","Field 'GoodG2B2_private' can be 'readonly'.","/CWE197_Numeric_Truncation_Error__double_Environment_to_short_21.cs","74","18","74","33"
"Missed 'readonly' opportunity","A private field where all assignments occur as part of the declaration or in a constructor in the same class can be 'readonly'.","recommendation","Field 'goodG2B1PublicStatic' can be 'readonly'.","/CWE197_Numeric_Truncation_Error__double_Environment_to_short_22a.cs","42","24","42","43"
"Missed 'readonly' opportunity","A private field where all assignments occur as part of the declaration or in a constructor in the same class can be 'readonly'.","recommendation","Field 'GoodG2B2PublicStatic' can be 'readonly'.","/CWE197_Numeric_Truncation_Error__double_Environment_to_short_22a.cs","43","24","43","43"
"Missed 'readonly' opportunity","A private field where all assignments occur as part of the declaration or in a constructor in the same class can be 'readonly'.","recommendation","Field 'privateTrue' can be 'readonly'.","/CWE197_Numeric_Truncation_Error__double_File_to_byte_05.cs","31","18","31","28"
"Missed 'readonly' opportunity","A private field where all assignments occur as part of the declaration or in a constructor in the same class can be 'readonly'.","recommendation","Field 'privateFalse' can be 'readonly'.","/CWE197_Numeric_Truncation_Error__double_File_to_byte_05.cs","32","18","32","29"
"Missed 'readonly' opportunity","A private field where all assignments occur as part of the declaration or in a constructor in the same class can be 'readonly'.","recommendation","Field 'privateFive' can be 'readonly'.","/CWE197_Numeric_Truncation_Error__double_File_to_byte_07.cs","31","17","31","27"
"Missed 'readonly' opportunity","A private field where all assignments occur as part of the declaration or in a constructor in the same class can be 'readonly'.","recommendation","Field 'goodG2B1_private' can be 'readonly'.","/CWE197_Numeric_Truncation_Error__double_File_to_byte_21.cs","102","18","102","33"
"Missed 'readonly' opportunity","A private field where all assignments occur as part of the declaration or in a constructor in the same class can be 'readonly'.","recommendation","Field 'GoodG2B2_private' can be 'readonly'.","/CWE197_Numeric_Truncation_Error__double_File_to_byte_21.cs","103","18","103","33"
"Missed 'readonly' opportunity","A private field where all assignments occur as part of the declaration or in a constructor in the same class can be 'readonly'.","recommendation","Field 'goodG2B1PublicStatic' can be 'readonly'.","/CWE197_Numeric_Truncation_Error__double_File_to_byte_22a.cs","42","24","42","43"
"Missed 'readonly' opportunity","A private field where all assignments occur as part of the declaration or in a constructor in the same class can be 'readonly'.","recommendation","Field 'GoodG2B2PublicStatic' can be 'readonly'.","/CWE197_Numeric_Truncation_Error__double_File_to_byte_22a.cs","43","24","43","43"
"Missed 'readonly' opportunity","A private field where all assignments occur as part of the declaration or in a constructor in the same class can be 'readonly'.","recommendation","Field 'privateTrue' can be 'readonly'.","/CWE197_Numeric_Truncation_Error__double_File_to_float_05.cs","31","18","31","28"
"Missed 'readonly' opportunity","A private field where all assignments occur as part of the declaration or in a constructor in the same class can be 'readonly'.","recommendation","Field 'privateFalse' can be 'readonly'.","/CWE197_Numeric_Truncation_Error__double_File_to_float_05.cs","32","18","32","29"
"Missed 'readonly' opportunity","A private field where all assignments occur as part of the declaration or in a constructor in the same class can be 'readonly'.","recommendation","Field 'privateFive' can be 'readonly'.","/CWE197_Numeric_Truncation_Error__double_File_to_float_07.cs","31","17","31","27"
"Missed 'readonly' opportunity","A private field where all assignments occur as part of the declaration or in a constructor in the same class can be 'readonly'.","recommendation","Field 'goodG2B1_private' can be 'readonly'.","/CWE197_Numeric_Truncation_Error__double_File_to_float_21.cs","102","18","102","33"
"Missed 'readonly' opportunity","A private field where all assignments occur as part of the declaration or in a constructor in the same class can be 'readonly'.","recommendation","Field 'GoodG2B2_private' can be 'readonly'.","/CWE197_Numeric_Truncation_Error__double_File_to_float_21.cs","103","18","103","33"
"Missed 'readonly' opportunity","A private field where all assignments occur as part of the declaration or in a constructor in the same class can be 'readonly'.","recommendation","Field 'goodG2B1PublicStatic' can be 'readonly'.","/CWE197_Numeric_Truncation_Error__double_File_to_float_22a.cs","42","24","42","43"
"Missed 'readonly' opportunity","A private field where all assignments occur as part of the declaration or in a constructor in the same class can be 'readonly'.","recommendation","Field 'GoodG2B2PublicStatic' can be 'readonly'.","/CWE197_Numeric_Truncation_Error__double_File_to_float_22a.cs","43","24","43","43"
"Missed 'readonly' opportunity","A private field where all assignments occur as part of the declaration or in a constructor in the same class can be 'readonly'.","recommendation","Field 'privateTrue' can be 'readonly'.","/CWE197_Numeric_Truncation_Error__double_File_to_int_05.cs","31","18","31","28"
"Missed 'readonly' opportunity","A private field where all assignments occur as part of the declaration or in a constructor in the same class can be 'readonly'.","recommendation","Field 'privateFalse' can be 'readonly'.","/CWE197_Numeric_Truncation_Error__double_File_to_int_05.cs","32","18","32","29"
"Missed 'readonly' opportunity","A private field where all assignments occur as part of the declaration or in a constructor in the same class can be 'readonly'.","recommendation","Field 'privateFive' can be 'readonly'.","/CWE197_Numeric_Truncation_Error__double_File_to_int_07.cs","31","17","31","27"
"Missed 'readonly' opportunity","A private field where all assignments occur as part of the declaration or in a constructor in the same class can be 'readonly'.","recommendation","Field 'goodG2B1_private' can be 'readonly'.","/CWE197_Numeric_Truncation_Error__double_File_to_int_21.cs","102","18","102","33"
"Missed 'readonly' opportunity","A private field where all assignments occur as part of the declaration or in a constructor in the same class can be 'readonly'.","recommendation","Field 'GoodG2B2_private' can be 'readonly'.","/CWE197_Numeric_Truncation_Error__double_File_to_int_21.cs","103","18","103","33"
"Missed 'readonly' opportunity","A private field where all assignments occur as part of the declaration or in a constructor in the same class can be 'readonly'.","recommendation","Field 'goodG2B1PublicStatic' can be 'readonly'.","/CWE197_Numeric_Truncation_Error__double_File_to_int_22a.cs","42","24","42","43"
"Missed 'readonly' opportunity","A private field where all assignments occur as part of the declaration or in a constructor in the same class can be 'readonly'.","recommendation","Field 'GoodG2B2PublicStatic' can be 'readonly'.","/CWE197_Numeric_Truncation_Error__double_File_to_int_22a.cs","43","24","43","43"
"Missed 'readonly' opportunity","A private field where all assignments occur as part of the declaration or in a constructor in the same class can be 'readonly'.","recommendation","Field 'privateTrue' can be 'readonly'.","/CWE197_Numeric_Truncation_Error__double_File_to_long_05.cs","31","18","31","28"
"Missed 'readonly' opportunity","A private field where all assignments occur as part of the declaration or in a constructor in the same class can be 'readonly'.","recommendation","Field 'privateFalse' can be 'readonly'.","/CWE197_Numeric_Truncation_Error__double_File_to_long_05.cs","32","18","32","29"
"Missed 'readonly' opportunity","A private field where all assignments occur as part of the declaration or in a constructor in the same class can be 'readonly'.","recommendation","Field 'privateFive' can be 'readonly'.","/CWE197_Numeric_Truncation_Error__double_File_to_long_07.cs","31","17","31","27"
"Missed 'readonly' opportunity","A private field where all assignments occur as part of the declaration or in a constructor in the same class can be 'readonly'.","recommendation","Field 'goodG2B1_private' can be 'readonly'.","/CWE197_Numeric_Truncation_Error__double_File_to_long_21.cs","102","18","102","33"
"Missed 'readonly' opportunity","A private field where all assignments occur as part of the declaration or in a constructor in the same class can be 'readonly'.","recommendation","Field 'GoodG2B2_private' can be 'readonly'.","/CWE197_Numeric_Truncation_Error__double_File_to_long_21.cs","103","18","103","33"
"Missed 'readonly' opportunity","A private field where all assignments occur as part of the declaration or in a constructor in the same class can be 'readonly'.","recommendation","Field 'goodG2B1PublicStatic' can be 'readonly'.","/CWE197_Numeric_Truncation_Error__double_File_to_long_22a.cs","42","24","42","43"
"Missed 'readonly' opportunity","A private field where all assignments occur as part of the declaration or in a constructor in the same class can be 'readonly'.","recommendation","Field 'GoodG2B2PublicStatic' can be 'readonly'.","/CWE197_Numeric_Truncation_Error__double_File_to_long_22a.cs","43","24","43","43"
"Missed 'readonly' opportunity","A private field where all assignments occur as part of the declaration or in a constructor in the same class can be 'readonly'.","recommendation","Field 'privateTrue' can be 'readonly'.","/CWE197_Numeric_Truncation_Error__double_File_to_short_05.cs","31","18","31","28"
"Missed 'readonly' opportunity","A private field where all assignments occur as part of the declaration or in a constructor in the same class can be 'readonly'.","recommendation","Field 'privateFalse' can be 'readonly'.","/CWE197_Numeric_Truncation_Error__double_File_to_short_05.cs","32","18","32","29"
"Missed 'readonly' opportunity","A private field where all assignments occur as part of the declaration or in a constructor in the same class can be 'readonly'.","recommendation","Field 'privateFive' can be 'readonly'.","/CWE197_Numeric_Truncation_Error__double_File_to_short_07.cs","31","17","31","27"
"Missed 'readonly' opportunity","A private field where all assignments occur as part of the declaration or in a constructor in the same class can be 'readonly'.","recommendation","Field 'goodG2B1_private' can be 'readonly'.","/CWE197_Numeric_Truncation_Error__double_File_to_short_21.cs","102","18","102","33"
"Missed 'readonly' opportunity","A private field where all assignments occur as part of the declaration or in a constructor in the same class can be 'readonly'.","recommendation","Field 'GoodG2B2_private' can be 'readonly'.","/CWE197_Numeric_Truncation_Error__double_File_to_short_21.cs","103","18","103","33"
"Missed 'readonly' opportunity","A private field where all assignments occur as part of the declaration or in a constructor in the same class can be 'readonly'.","recommendation","Field 'goodG2B1PublicStatic' can be 'readonly'.","/CWE197_Numeric_Truncation_Error__double_File_to_short_22a.cs","42","24","42","43"
"Missed 'readonly' opportunity","A private field where all assignments occur as part of the declaration or in a constructor in the same class can be 'readonly'.","recommendation","Field 'GoodG2B2PublicStatic' can be 'readonly'.","/CWE197_Numeric_Truncation_Error__double_File_to_short_22a.cs","43","24","43","43"
"Missed 'readonly' opportunity","A private field where all assignments occur as part of the declaration or in a constructor in the same class can be 'readonly'.","recommendation","Field 'privateTrue' can be 'readonly'.","/CWE197_Numeric_Truncation_Error__double_large_to_byte_05.cs","29","18","29","28"
"Missed 'readonly' opportunity","A private field where all assignments occur as part of the declaration or in a constructor in the same class can be 'readonly'.","recommendation","Field 'privateFalse' can be 'readonly'.","/CWE197_Numeric_Truncation_Error__double_large_to_byte_05.cs","30","18","30","29"
"Missed 'readonly' opportunity","A private field where all assignments occur as part of the declaration or in a constructor in the same class can be 'readonly'.","recommendation","Field 'privateFive' can be 'readonly'.","/CWE197_Numeric_Truncation_Error__double_large_to_byte_07.cs","29","17","29","27"
"Missed 'readonly' opportunity","A private field where all assignments occur as part of the declaration or in a constructor in the same class can be 'readonly'.","recommendation","Field 'goodG2B1_private' can be 'readonly'.","/CWE197_Numeric_Truncation_Error__double_large_to_byte_21.cs","58","18","58","33"
"Missed 'readonly' opportunity","A private field where all assignments occur as part of the declaration or in a constructor in the same class can be 'readonly'.","recommendation","Field 'GoodG2B2_private' can be 'readonly'.","/CWE197_Numeric_Truncation_Error__double_large_to_byte_21.cs","59","18","59","33"
"Missed 'readonly' opportunity","A private field where all assignments occur as part of the declaration or in a constructor in the same class can be 'readonly'.","recommendation","Field 'goodG2B1PublicStatic' can be 'readonly'.","/CWE197_Numeric_Truncation_Error__double_large_to_byte_22a.cs","42","24","42","43"
"Missed 'readonly' opportunity","A private field where all assignments occur as part of the declaration or in a constructor in the same class can be 'readonly'.","recommendation","Field 'GoodG2B2PublicStatic' can be 'readonly'.","/CWE197_Numeric_Truncation_Error__double_large_to_byte_22a.cs","43","24","43","43"
"Missed 'readonly' opportunity","A private field where all assignments occur as part of the declaration or in a constructor in the same class can be 'readonly'.","recommendation","Field 'privateTrue' can be 'readonly'.","/CWE197_Numeric_Truncation_Error__double_large_to_float_05.cs","29","18","29","28"
"Missed 'readonly' opportunity","A private field where all assignments occur as part of the declaration or in a constructor in the same class can be 'readonly'.","recommendation","Field 'privateFalse' can be 'readonly'.","/CWE197_Numeric_Truncation_Error__double_large_to_float_05.cs","30","18","30","29"
"Missed 'readonly' opportunity","A private field where all assignments occur as part of the declaration or in a constructor in the same class can be 'readonly'.","recommendation","Field 'privateFive' can be 'readonly'.","/CWE197_Numeric_Truncation_Error__double_large_to_float_07.cs","29","17","29","27"
"Missed 'readonly' opportunity","A private field where all assignments occur as part of the declaration or in a constructor in the same class can be 'readonly'.","recommendation","Field 'goodG2B1_private' can be 'readonly'.","/CWE197_Numeric_Truncation_Error__double_large_to_float_21.cs","58","18","58","33"
"Missed 'readonly' opportunity","A private field where all assignments occur as part of the declaration or in a constructor in the same class can be 'readonly'.","recommendation","Field 'GoodG2B2_private' can be 'readonly'.","/CWE197_Numeric_Truncation_Error__double_large_to_float_21.cs","59","18","59","33"
"Missed 'readonly' opportunity","A private field where all assignments occur as part of the declaration or in a constructor in the same class can be 'readonly'.","recommendation","Field 'goodG2B1PublicStatic' can be 'readonly'.","/CWE197_Numeric_Truncation_Error__double_large_to_float_22a.cs","42","24","42","43"
"Missed 'readonly' opportunity","A private field where all assignments occur as part of the declaration or in a constructor in the same class can be 'readonly'.","recommendation","Field 'GoodG2B2PublicStatic' can be 'readonly'.","/CWE197_Numeric_Truncation_Error__double_large_to_float_22a.cs","43","24","43","43"
"Missed 'readonly' opportunity","A private field where all assignments occur as part of the declaration or in a constructor in the same class can be 'readonly'.","recommendation","Field 'privateTrue' can be 'readonly'.","/CWE197_Numeric_Truncation_Error__double_large_to_int_05.cs","29","18","29","28"
"Missed 'readonly' opportunity","A private field where all assignments occur as part of the declaration or in a constructor in the same class can be 'readonly'.","recommendation","Field 'privateFalse' can be 'readonly'.","/CWE197_Numeric_Truncation_Error__double_large_to_int_05.cs","30","18","30","29"
"Missed 'readonly' opportunity","A private field where all assignments occur as part of the declaration or in a constructor in the same class can be 'readonly'.","recommendation","Field 'privateFive' can be 'readonly'.","/CWE197_Numeric_Truncation_Error__double_large_to_int_07.cs","29","17","29","27"
"Missed 'readonly' opportunity","A private field where all assignments occur as part of the declaration or in a constructor in the same class can be 'readonly'.","recommendation","Field 'goodG2B1_private' can be 'readonly'.","/CWE197_Numeric_Truncation_Error__double_large_to_int_21.cs","58","18","58","33"
"Missed 'readonly' opportunity","A private field where all assignments occur as part of the declaration or in a constructor in the same class can be 'readonly'.","recommendation","Field 'GoodG2B2_private' can be 'readonly'.","/CWE197_Numeric_Truncation_Error__double_large_to_int_21.cs","59","18","59","33"
"Missed 'readonly' opportunity","A private field where all assignments occur as part of the declaration or in a constructor in the same class can be 'readonly'.","recommendation","Field 'goodG2B1PublicStatic' can be 'readonly'.","/CWE197_Numeric_Truncation_Error__double_large_to_int_22a.cs","42","24","42","43"
"Missed 'readonly' opportunity","A private field where all assignments occur as part of the declaration or in a constructor in the same class can be 'readonly'.","recommendation","Field 'GoodG2B2PublicStatic' can be 'readonly'.","/CWE197_Numeric_Truncation_Error__double_large_to_int_22a.cs","43","24","43","43"
"Missed 'readonly' opportunity","A private field where all assignments occur as part of the declaration or in a constructor in the same class can be 'readonly'.","recommendation","Field 'privateTrue' can be 'readonly'.","/CWE197_Numeric_Truncation_Error__double_large_to_long_05.cs","29","18","29","28"
"Missed 'readonly' opportunity","A private field where all assignments occur as part of the declaration or in a constructor in the same class can be 'readonly'.","recommendation","Field 'privateFalse' can be 'readonly'.","/CWE197_Numeric_Truncation_Error__double_large_to_long_05.cs","30","18","30","29"
"Missed 'readonly' opportunity","A private field where all assignments occur as part of the declaration or in a constructor in the same class can be 'readonly'.","recommendation","Field 'privateFive' can be 'readonly'.","/CWE197_Numeric_Truncation_Error__double_large_to_long_07.cs","29","17","29","27"
"Missed 'readonly' opportunity","A private field where all assignments occur as part of the declaration or in a constructor in the same class can be 'readonly'.","recommendation","Field 'goodG2B1_private' can be 'readonly'.","/CWE197_Numeric_Truncation_Error__double_large_to_long_21.cs","58","18","58","33"
"Missed 'readonly' opportunity","A private field where all assignments occur as part of the declaration or in a constructor in the same class can be 'readonly'.","recommendation","Field 'GoodG2B2_private' can be 'readonly'.","/CWE197_Numeric_Truncation_Error__double_large_to_long_21.cs","59","18","59","33"
"Missed 'readonly' opportunity","A private field where all assignments occur as part of the declaration or in a constructor in the same class can be 'readonly'.","recommendation","Field 'goodG2B1PublicStatic' can be 'readonly'.","/CWE197_Numeric_Truncation_Error__double_large_to_long_22a.cs","42","24","42","43"
"Missed 'readonly' opportunity","A private field where all assignments occur as part of the declaration or in a constructor in the same class can be 'readonly'.","recommendation","Field 'GoodG2B2PublicStatic' can be 'readonly'.","/CWE197_Numeric_Truncation_Error__double_large_to_long_22a.cs","43","24","43","43"
"Missed 'readonly' opportunity","A private field where all assignments occur as part of the declaration or in a constructor in the same class can be 'readonly'.","recommendation","Field 'privateTrue' can be 'readonly'.","/CWE197_Numeric_Truncation_Error__double_large_to_short_05.cs","29","18","29","28"
"Missed 'readonly' opportunity","A private field where all assignments occur as part of the declaration or in a constructor in the same class can be 'readonly'.","recommendation","Field 'privateFalse' can be 'readonly'.","/CWE197_Numeric_Truncation_Error__double_large_to_short_05.cs","30","18","30","29"
"Missed 'readonly' opportunity","A private field where all assignments occur as part of the declaration or in a constructor in the same class can be 'readonly'.","recommendation","Field 'privateFive' can be 'readonly'.","/CWE197_Numeric_Truncation_Error__double_large_to_short_07.cs","29","17","29","27"
"Missed 'readonly' opportunity","A private field where all assignments occur as part of the declaration or in a constructor in the same class can be 'readonly'.","recommendation","Field 'goodG2B1_private' can be 'readonly'.","/CWE197_Numeric_Truncation_Error__double_large_to_short_21.cs","58","18","58","33"
"Missed 'readonly' opportunity","A private field where all assignments occur as part of the declaration or in a constructor in the same class can be 'readonly'.","recommendation","Field 'GoodG2B2_private' can be 'readonly'.","/CWE197_Numeric_Truncation_Error__double_large_to_short_21.cs","59","18","59","33"
"Missed 'readonly' opportunity","A private field where all assignments occur as part of the declaration or in a constructor in the same class can be 'readonly'.","recommendation","Field 'goodG2B1PublicStatic' can be 'readonly'.","/CWE197_Numeric_Truncation_Error__double_large_to_short_22a.cs","42","24","42","43"
"Missed 'readonly' opportunity","A private field where all assignments occur as part of the declaration or in a constructor in the same class can be 'readonly'.","recommendation","Field 'GoodG2B2PublicStatic' can be 'readonly'.","/CWE197_Numeric_Truncation_Error__double_large_to_short_22a.cs","43","24","43","43"
"Missed 'readonly' opportunity","A private field where all assignments occur as part of the declaration or in a constructor in the same class can be 'readonly'.","recommendation","Field 'privateTrue' can be 'readonly'.","/CWE197_Numeric_Truncation_Error__double_listen_tcp_to_byte_05.cs","33","18","33","28"
"Missed 'readonly' opportunity","A private field where all assignments occur as part of the declaration or in a constructor in the same class can be 'readonly'.","recommendation","Field 'privateFalse' can be 'readonly'.","/CWE197_Numeric_Truncation_Error__double_listen_tcp_to_byte_05.cs","34","18","34","29"
"Missed 'readonly' opportunity","A private field where all assignments occur as part of the declaration or in a constructor in the same class can be 'readonly'.","recommendation","Field 'privateFive' can be 'readonly'.","/CWE197_Numeric_Truncation_Error__double_listen_tcp_to_byte_07.cs","33","17","33","27"
"Missed 'readonly' opportunity","A private field where all assignments occur as part of the declaration or in a constructor in the same class can be 'readonly'.","recommendation","Field 'goodG2B1_private' can be 'readonly'.","/CWE197_Numeric_Truncation_Error__double_listen_tcp_to_byte_21.cs","132","18","132","33"
"Missed 'readonly' opportunity","A private field where all assignments occur as part of the declaration or in a constructor in the same class can be 'readonly'.","recommendation","Field 'GoodG2B2_private' can be 'readonly'.","/CWE197_Numeric_Truncation_Error__double_listen_tcp_to_byte_21.cs","133","18","133","33"
"Missed 'readonly' opportunity","A private field where all assignments occur as part of the declaration or in a constructor in the same class can be 'readonly'.","recommendation","Field 'goodG2B1PublicStatic' can be 'readonly'.","/CWE197_Numeric_Truncation_Error__double_listen_tcp_to_byte_22a.cs","42","24","42","43"
"Missed 'readonly' opportunity","A private field where all assignments occur as part of the declaration or in a constructor in the same class can be 'readonly'.","recommendation","Field 'GoodG2B2PublicStatic' can be 'readonly'.","/CWE197_Numeric_Truncation_Error__double_listen_tcp_to_byte_22a.cs","43","24","43","43"
"Missed 'readonly' opportunity","A private field where all assignments occur as part of the declaration or in a constructor in the same class can be 'readonly'.","recommendation","Field 'privateTrue' can be 'readonly'.","/CWE197_Numeric_Truncation_Error__double_listen_tcp_to_float_05.cs","33","18","33","28"
"Missed 'readonly' opportunity","A private field where all assignments occur as part of the declaration or in a constructor in the same class can be 'readonly'.","recommendation","Field 'privateFalse' can be 'readonly'.","/CWE197_Numeric_Truncation_Error__double_listen_tcp_to_float_05.cs","34","18","34","29"
"Missed 'readonly' opportunity","A private field where all assignments occur as part of the declaration or in a constructor in the same class can be 'readonly'.","recommendation","Field 'privateFive' can be 'readonly'.","/CWE197_Numeric_Truncation_Error__double_listen_tcp_to_float_07.cs","33","17","33","27"
"Missed 'readonly' opportunity","A private field where all assignments occur as part of the declaration or in a constructor in the same class can be 'readonly'.","recommendation","Field 'goodG2B1_private' can be 'readonly'.","/CWE197_Numeric_Truncation_Error__double_listen_tcp_to_float_21.cs","132","18","132","33"
"Missed 'readonly' opportunity","A private field where all assignments occur as part of the declaration or in a constructor in the same class can be 'readonly'.","recommendation","Field 'GoodG2B2_private' can be 'readonly'.","/CWE197_Numeric_Truncation_Error__double_listen_tcp_to_float_21.cs","133","18","133","33"
"Missed 'readonly' opportunity","A private field where all assignments occur as part of the declaration or in a constructor in the same class can be 'readonly'.","recommendation","Field 'goodG2B1PublicStatic' can be 'readonly'.","/CWE197_Numeric_Truncation_Error__double_listen_tcp_to_float_22a.cs","42","24","42","43"
"Missed 'readonly' opportunity","A private field where all assignments occur as part of the declaration or in a constructor in the same class can be 'readonly'.","recommendation","Field 'GoodG2B2PublicStatic' can be 'readonly'.","/CWE197_Numeric_Truncation_Error__double_listen_tcp_to_float_22a.cs","43","24","43","43"
"Generic catch clause","Catching all exceptions with a generic catch clause may be overly broad, which can make errors harder to diagnose.","recommendation","Generic catch clause.","/Program.cs","50","8","55","6"
"Missed ternary opportunity","An 'if' statement where both branches either (a) return or (b) write to the same variable can often be expressed more clearly using the '?' operator.","recommendation","Both branches of this 'if' statement write to the same variable - consider using '?' to express intent better.","/CWE197_Numeric_Truncation_Error__double_large_to_byte_02.cs","29","9","39","9"
"Missed ternary opportunity","An 'if' statement where both branches either (a) return or (b) write to the same variable can often be expressed more clearly using the '?' operator.","recommendation","Both branches of this 'if' statement write to the same variable - consider using '?' to express intent better.","/CWE197_Numeric_Truncation_Error__double_large_to_byte_03.cs","29","9","39","9"
"Missed ternary opportunity","An 'if' statement where both branches either (a) return or (b) write to the same variable can often be expressed more clearly using the '?' operator.","recommendation","Both branches of this 'if' statement write to the same variable - consider using '?' to express intent better.","/CWE197_Numeric_Truncation_Error__double_large_to_byte_04.cs","36","9","46","9"
"Missed ternary opportunity","An 'if' statement where both branches either (a) return or (b) write to the same variable can often be expressed more clearly using the '?' operator.","recommendation","Both branches of this 'if' statement write to the same variable - consider using '?' to express intent better.","/CWE197_Numeric_Truncation_Error__double_large_to_byte_05.cs","36","9","46","9"
"Missed ternary opportunity","An 'if' statement where both branches either (a) return or (b) write to the same variable can often be expressed more clearly using the '?' operator.","recommendation","Both branches of this 'if' statement write to the same variable - consider using '?' to express intent better.","/CWE197_Numeric_Truncation_Error__double_large_to_byte_06.cs","35","9","45","9"
"Missed ternary opportunity","An 'if' statement where both branches either (a) return or (b) write to the same variable can often be expressed more clearly using the '?' operator.","recommendation","Both branches of this 'if' statement write to the same variable - consider using '?' to express intent better.","/CWE197_Numeric_Truncation_Error__double_large_to_byte_07.cs","35","9","45","9"
"Missed ternary opportunity","An 'if' statement where both branches either (a) return or (b) write to the same variable can often be expressed more clearly using the '?' operator.","recommendation","Both branches of this 'if' statement write to the same variable - consider using '?' to express intent better.","/CWE197_Numeric_Truncation_Error__double_large_to_byte_08.cs","43","9","53","9"
"Missed ternary opportunity","An 'if' statement where both branches either (a) return or (b) write to the same variable can often be expressed more clearly using the '?' operator.","recommendation","Both branches of this 'if' statement write to the same variable - consider using '?' to express intent better.","/CWE197_Numeric_Truncation_Error__double_large_to_byte_09.cs","29","9","39","9"
"Missed ternary opportunity","An 'if' statement where both branches either (a) return or (b) write to the same variable can often be expressed more clearly using the '?' operator.","recommendation","Both branches of this 'if' statement write to the same variable - consider using '?' to express intent better.","/CWE197_Numeric_Truncation_Error__double_large_to_byte_10.cs","29","9","39","9"
"Missed ternary opportunity","An 'if' statement where both branches either (a) return or (b) write to the same variable can often be expressed more clearly using the '?' operator.","recommendation","Both branches of this 'if' statement write to the same variable - consider using '?' to express intent better.","/CWE197_Numeric_Truncation_Error__double_large_to_byte_11.cs","29","9","39","9"
"Missed ternary opportunity","An 'if' statement where both branches either (a) return or (b) write to the same variable can often be expressed more clearly using the '?' operator.","recommendation","Both branches of this 'if' statement write to the same variable - consider using '?' to express intent better.","/CWE197_Numeric_Truncation_Error__double_large_to_byte_12.cs","29","9","38","9"
"Missed ternary opportunity","An 'if' statement where both branches either (a) return or (b) write to the same variable can often be expressed more clearly using the '?' operator.","recommendation","Both branches of this 'if' statement write to the same variable - consider using '?' to express intent better.","/CWE197_Numeric_Truncation_Error__double_large_to_byte_13.cs","29","9","39","9"
"Missed ternary opportunity","An 'if' statement where both branches either (a) return or (b) write to the same variable can often be expressed more clearly using the '?' operator.","recommendation","Both branches of this 'if' statement write to the same variable - consider using '?' to express intent better.","/CWE197_Numeric_Truncation_Error__double_large_to_byte_14.cs","29","9","39","9"
"Missed ternary opportunity","An 'if' statement where both branches either (a) return or (b) write to the same variable can often be expressed more clearly using the '?' operator.","recommendation","Both branches of this 'if' statement write to the same variable - consider using '?' to express intent better.","/CWE197_Numeric_Truncation_Error__double_large_to_byte_21.cs","43","9","53","9"
"Missed ternary opportunity","An 'if' statement where both branches either (a) return or (b) write to the same variable can often be expressed more clearly using the '?' operator.","recommendation","Both branches of this 'if' statement write to the same variable - consider using '?' to express intent better.","/CWE197_Numeric_Truncation_Error__double_large_to_byte_22b.cs","29","9","39","9"
"Missed ternary opportunity","An 'if' statement where both branches either (a) return or (b) write to the same variable can often be expressed more clearly using the '?' operator.","recommendation","Both branches of this 'if' statement write to the same variable - consider using '?' to express intent better.","/CWE197_Numeric_Truncation_Error__double_large_to_float_02.cs","29","9","39","9"
"Missed ternary opportunity","An 'if' statement where both branches either (a) return or (b) write to the same variable can often be expressed more clearly using the '?' operator.","recommendation","Both branches of this 'if' statement write to the same variable - consider using '?' to express intent better.","/CWE197_Numeric_Truncation_Error__double_large_to_float_03.cs","29","9","39","9"
"Missed ternary opportunity","An 'if' statement where both branches either (a) return or (b) write to the same variable can often be expressed more clearly using the '?' operator.","recommendation","Both branches of this 'if' statement write to the same variable - consider using '?' to express intent better.","/CWE197_Numeric_Truncation_Error__double_large_to_float_04.cs","36","9","46","9"
"Missed ternary opportunity","An 'if' statement where both branches either (a) return or (b) write to the same variable can often be expressed more clearly using the '?' operator.","recommendation","Both branches of this 'if' statement write to the same variable - consider using '?' to express intent better.","/CWE197_Numeric_Truncation_Error__double_large_to_float_05.cs","36","9","46","9"
"Missed ternary opportunity","An 'if' statement where both branches either (a) return or (b) write to the same variable can often be expressed more clearly using the '?' operator.","recommendation","Both branches of this 'if' statement write to the same variable - consider using '?' to express intent better.","/CWE197_Numeric_Truncation_Error__double_large_to_float_06.cs","35","9","45","9"
"Missed ternary opportunity","An 'if' statement where both branches either (a) return or (b) write to the same variable can often be expressed more clearly using the '?' operator.","recommendation","Both branches of this 'if' statement write to the same variable - consider using '?' to express intent better.","/CWE197_Numeric_Truncation_Error__double_large_to_float_07.cs","35","9","45","9"
"Missed ternary opportunity","An 'if' statement where both branches either (a) return or (b) write to the same variable can often be expressed more clearly using the '?' operator.","recommendation","Both branches of this 'if' statement write to the same variable - consider using '?' to express intent better.","/CWE197_Numeric_Truncation_Error__double_large_to_float_08.cs","43","9","53","9"
"Missed ternary opportunity","An 'if' statement where both branches either (a) return or (b) write to the same variable can often be expressed more clearly using the '?' operator.","recommendation","Both branches of this 'if' statement write to the same variable - consider using '?' to express intent better.","/CWE197_Numeric_Truncation_Error__double_large_to_float_09.cs","29","9","39","9"
"Missed ternary opportunity","An 'if' statement where both branches either (a) return or (b) write to the same variable can often be expressed more clearly using the '?' operator.","recommendation","Both branches of this 'if' statement write to the same variable - consider using '?' to express intent better.","/CWE197_Numeric_Truncation_Error__double_large_to_float_10.cs","29","9","39","9"
"Missed ternary opportunity","An 'if' statement where both branches either (a) return or (b) write to the same variable can often be expressed more clearly using the '?' operator.","recommendation","Both branches of this 'if' statement write to the same variable - consider using '?' to express intent better.","/CWE197_Numeric_Truncation_Error__double_large_to_float_11.cs","29","9","39","9"
"Missed ternary opportunity","An 'if' statement where both branches either (a) return or (b) write to the same variable can often be expressed more clearly using the '?' operator.","recommendation","Both branches of this 'if' statement write to the same variable - consider using '?' to express intent better.","/CWE197_Numeric_Truncation_Error__double_large_to_float_12.cs","29","9","38","9"
"Missed ternary opportunity","An 'if' statement where both branches either (a) return or (b) write to the same variable can often be expressed more clearly using the '?' operator.","recommendation","Both branches of this 'if' statement write to the same variable - consider using '?' to express intent better.","/CWE197_Numeric_Truncation_Error__double_large_to_float_13.cs","29","9","39","9"
"Missed ternary opportunity","An 'if' statement where both branches either (a) return or (b) write to the same variable can often be expressed more clearly using the '?' operator.","recommendation","Both branches of this 'if' statement write to the same variable - consider using '?' to express intent better.","/CWE197_Numeric_Truncation_Error__double_large_to_float_14.cs","29","9","39","9"
"Missed ternary opportunity","An 'if' statement where both branches either (a) return or (b) write to the same variable can often be expressed more clearly using the '?' operator.","recommendation","Both branches of this 'if' statement write to the same variable - consider using '?' to express intent better.","/CWE197_Numeric_Truncation_Error__double_large_to_float_21.cs","43","9","53","9"
"Missed ternary opportunity","An 'if' statement where both branches either (a) return or (b) write to the same variable can often be expressed more clearly using the '?' operator.","recommendation","Both branches of this 'if' statement write to the same variable - consider using '?' to express intent better.","/CWE197_Numeric_Truncation_Error__double_large_to_float_22b.cs","29","9","39","9"
"Missed ternary opportunity","An 'if' statement where both branches either (a) return or (b) write to the same variable can often be expressed more clearly using the '?' operator.","recommendation","Both branches of this 'if' statement write to the same variable - consider using '?' to express intent better.","/CWE197_Numeric_Truncation_Error__double_large_to_int_02.cs","29","9","39","9"
"Missed ternary opportunity","An 'if' statement where both branches either (a) return or (b) write to the same variable can often be expressed more clearly using the '?' operator.","recommendation","Both branches of this 'if' statement write to the same variable - consider using '?' to express intent better.","/CWE197_Numeric_Truncation_Error__double_large_to_int_03.cs","29","9","39","9"
"Missed ternary opportunity","An 'if' statement where both branches either (a) return or (b) write to the same variable can often be expressed more clearly using the '?' operator.","recommendation","Both branches of this 'if' statement write to the same variable - consider using '?' to express intent better.","/CWE197_Numeric_Truncation_Error__double_large_to_int_04.cs","36","9","46","9"
"Missed ternary opportunity","An 'if' statement where both branches either (a) return or (b) write to the same variable can often be expressed more clearly using the '?' operator.","recommendation","Both branches of this 'if' statement write to the same variable - consider using '?' to express intent better.","/CWE197_Numeric_Truncation_Error__double_large_to_int_05.cs","36","9","46","9"
"Missed ternary opportunity","An 'if' statement where both branches either (a) return or (b) write to the same variable can often be expressed more clearly using the '?' operator.","recommendation","Both branches of this 'if' statement write to the same variable - consider using '?' to express intent better.","/CWE197_Numeric_Truncation_Error__double_large_to_int_06.cs","35","9","45","9"
"Missed ternary opportunity","An 'if' statement where both branches either (a) return or (b) write to the same variable can often be expressed more clearly using the '?' operator.","recommendation","Both branches of this 'if' statement write to the same variable - consider using '?' to express intent better.","/CWE197_Numeric_Truncation_Error__double_large_to_int_07.cs","35","9","45","9"
"Missed ternary opportunity","An 'if' statement where both branches either (a) return or (b) write to the same variable can often be expressed more clearly using the '?' operator.","recommendation","Both branches of this 'if' statement write to the same variable - consider using '?' to express intent better.","/CWE197_Numeric_Truncation_Error__double_large_to_int_08.cs","43","9","53","9"
"Missed ternary opportunity","An 'if' statement where both branches either (a) return or (b) write to the same variable can often be expressed more clearly using the '?' operator.","recommendation","Both branches of this 'if' statement write to the same variable - consider using '?' to express intent better.","/CWE197_Numeric_Truncation_Error__double_large_to_int_09.cs","29","9","39","9"
"Missed ternary opportunity","An 'if' statement where both branches either (a) return or (b) write to the same variable can often be expressed more clearly using the '?' operator.","recommendation","Both branches of this 'if' statement write to the same variable - consider using '?' to express intent better.","/CWE197_Numeric_Truncation_Error__double_large_to_int_10.cs","29","9","39","9"
"Missed ternary opportunity","An 'if' statement where both branches either (a) return or (b) write to the same variable can often be expressed more clearly using the '?' operator.","recommendation","Both branches of this 'if' statement write to the same variable - consider using '?' to express intent better.","/CWE197_Numeric_Truncation_Error__double_large_to_int_11.cs","29","9","39","9"
"Missed ternary opportunity","An 'if' statement where both branches either (a) return or (b) write to the same variable can often be expressed more clearly using the '?' operator.","recommendation","Both branches of this 'if' statement write to the same variable - consider using '?' to express intent better.","/CWE197_Numeric_Truncation_Error__double_large_to_int_12.cs","29","9","38","9"
"Missed ternary opportunity","An 'if' statement where both branches either (a) return or (b) write to the same variable can often be expressed more clearly using the '?' operator.","recommendation","Both branches of this 'if' statement write to the same variable - consider using '?' to express intent better.","/CWE197_Numeric_Truncation_Error__double_large_to_int_13.cs","29","9","39","9"
"Missed ternary opportunity","An 'if' statement where both branches either (a) return or (b) write to the same variable can often be expressed more clearly using the '?' operator.","recommendation","Both branches of this 'if' statement write to the same variable - consider using '?' to express intent better.","/CWE197_Numeric_Truncation_Error__double_large_to_int_14.cs","29","9","39","9"
"Missed ternary opportunity","An 'if' statement where both branches either (a) return or (b) write to the same variable can often be expressed more clearly using the '?' operator.","recommendation","Both branches of this 'if' statement write to the same variable - consider using '?' to express intent better.","/CWE197_Numeric_Truncation_Error__double_large_to_int_21.cs","43","9","53","9"
"Missed ternary opportunity","An 'if' statement where both branches either (a) return or (b) write to the same variable can often be expressed more clearly using the '?' operator.","recommendation","Both branches of this 'if' statement write to the same variable - consider using '?' to express intent better.","/CWE197_Numeric_Truncation_Error__double_large_to_int_22b.cs","29","9","39","9"
"Missed ternary opportunity","An 'if' statement where both branches either (a) return or (b) write to the same variable can often be expressed more clearly using the '?' operator.","recommendation","Both branches of this 'if' statement write to the same variable - consider using '?' to express intent better.","/CWE197_Numeric_Truncation_Error__double_large_to_long_02.cs","29","9","39","9"
"Missed ternary opportunity","An 'if' statement where both branches either (a) return or (b) write to the same variable can often be expressed more clearly using the '?' operator.","recommendation","Both branches of this 'if' statement write to the same variable - consider using '?' to express intent better.","/CWE197_Numeric_Truncation_Error__double_large_to_long_03.cs","29","9","39","9"
"Missed ternary opportunity","An 'if' statement where both branches either (a) return or (b) write to the same variable can often be expressed more clearly using the '?' operator.","recommendation","Both branches of this 'if' statement write to the same variable - consider using '?' to express intent better.","/CWE197_Numeric_Truncation_Error__double_large_to_long_04.cs","36","9","46","9"
"Missed ternary opportunity","An 'if' statement where both branches either (a) return or (b) write to the same variable can often be expressed more clearly using the '?' operator.","recommendation","Both branches of this 'if' statement write to the same variable - consider using '?' to express intent better.","/CWE197_Numeric_Truncation_Error__double_large_to_long_05.cs","36","9","46","9"
"Missed ternary opportunity","An 'if' statement where both branches either (a) return or (b) write to the same variable can often be expressed more clearly using the '?' operator.","recommendation","Both branches of this 'if' statement write to the same variable - consider using '?' to express intent better.","/CWE197_Numeric_Truncation_Error__double_large_to_long_06.cs","35","9","45","9"
"Missed ternary opportunity","An 'if' statement where both branches either (a) return or (b) write to the same variable can often be expressed more clearly using the '?' operator.","recommendation","Both branches of this 'if' statement write to the same variable - consider using '?' to express intent better.","/CWE197_Numeric_Truncation_Error__double_large_to_long_07.cs","35","9","45","9"
"Missed ternary opportunity","An 'if' statement where both branches either (a) return or (b) write to the same variable can often be expressed more clearly using the '?' operator.","recommendation","Both branches of this 'if' statement write to the same variable - consider using '?' to express intent better.","/CWE197_Numeric_Truncation_Error__double_large_to_long_08.cs","43","9","53","9"
"Missed ternary opportunity","An 'if' statement where both branches either (a) return or (b) write to the same variable can often be expressed more clearly using the '?' operator.","recommendation","Both branches of this 'if' statement write to the same variable - consider using '?' to express intent better.","/CWE197_Numeric_Truncation_Error__double_large_to_long_09.cs","29","9","39","9"
"Missed ternary opportunity","An 'if' statement where both branches either (a) return or (b) write to the same variable can often be expressed more clearly using the '?' operator.","recommendation","Both branches of this 'if' statement write to the same variable - consider using '?' to express intent better.","/CWE197_Numeric_Truncation_Error__double_large_to_long_10.cs","29","9","39","9"
"Missed ternary opportunity","An 'if' statement where both branches either (a) return or (b) write to the same variable can often be expressed more clearly using the '?' operator.","recommendation","Both branches of this 'if' statement write to the same variable - consider using '?' to express intent better.","/CWE197_Numeric_Truncation_Error__double_large_to_long_11.cs","29","9","39","9"
"Missed ternary opportunity","An 'if' statement where both branches either (a) return or (b) write to the same variable can often be expressed more clearly using the '?' operator.","recommendation","Both branches of this 'if' statement write to the same variable - consider using '?' to express intent better.","/CWE197_Numeric_Truncation_Error__double_large_to_long_12.cs","29","9","38","9"
"Missed ternary opportunity","An 'if' statement where both branches either (a) return or (b) write to the same variable can often be expressed more clearly using the '?' operator.","recommendation","Both branches of this 'if' statement write to the same variable - consider using '?' to express intent better.","/CWE197_Numeric_Truncation_Error__double_large_to_long_13.cs","29","9","39","9"
"Missed ternary opportunity","An 'if' statement where both branches either (a) return or (b) write to the same variable can often be expressed more clearly using the '?' operator.","recommendation","Both branches of this 'if' statement write to the same variable - consider using '?' to express intent better.","/CWE197_Numeric_Truncation_Error__double_large_to_long_14.cs","29","9","39","9"
"Missed ternary opportunity","An 'if' statement where both branches either (a) return or (b) write to the same variable can often be expressed more clearly using the '?' operator.","recommendation","Both branches of this 'if' statement write to the same variable - consider using '?' to express intent better.","/CWE197_Numeric_Truncation_Error__double_large_to_long_21.cs","43","9","53","9"
"Missed ternary opportunity","An 'if' statement where both branches either (a) return or (b) write to the same variable can often be expressed more clearly using the '?' operator.","recommendation","Both branches of this 'if' statement write to the same variable - consider using '?' to express intent better.","/CWE197_Numeric_Truncation_Error__double_large_to_long_22b.cs","29","9","39","9"
"Missed ternary opportunity","An 'if' statement where both branches either (a) return or (b) write to the same variable can often be expressed more clearly using the '?' operator.","recommendation","Both branches of this 'if' statement write to the same variable - consider using '?' to express intent better.","/CWE197_Numeric_Truncation_Error__double_large_to_short_02.cs","29","9","39","9"
"Missed ternary opportunity","An 'if' statement where both branches either (a) return or (b) write to the same variable can often be expressed more clearly using the '?' operator.","recommendation","Both branches of this 'if' statement write to the same variable - consider using '?' to express intent better.","/CWE197_Numeric_Truncation_Error__double_large_to_short_03.cs","29","9","39","9"
"Missed ternary opportunity","An 'if' statement where both branches either (a) return or (b) write to the same variable can often be expressed more clearly using the '?' operator.","recommendation","Both branches of this 'if' statement write to the same variable - consider using '?' to express intent better.","/CWE197_Numeric_Truncation_Error__double_large_to_short_04.cs","36","9","46","9"
"Missed ternary opportunity","An 'if' statement where both branches either (a) return or (b) write to the same variable can often be expressed more clearly using the '?' operator.","recommendation","Both branches of this 'if' statement write to the same variable - consider using '?' to express intent better.","/CWE197_Numeric_Truncation_Error__double_large_to_short_05.cs","36","9","46","9"
"Missed ternary opportunity","An 'if' statement where both branches either (a) return or (b) write to the same variable can often be expressed more clearly using the '?' operator.","recommendation","Both branches of this 'if' statement write to the same variable - consider using '?' to express intent better.","/CWE197_Numeric_Truncation_Error__double_large_to_short_06.cs","35","9","45","9"
"Missed ternary opportunity","An 'if' statement where both branches either (a) return or (b) write to the same variable can often be expressed more clearly using the '?' operator.","recommendation","Both branches of this 'if' statement write to the same variable - consider using '?' to express intent better.","/CWE197_Numeric_Truncation_Error__double_large_to_short_07.cs","35","9","45","9"
"Missed ternary opportunity","An 'if' statement where both branches either (a) return or (b) write to the same variable can often be expressed more clearly using the '?' operator.","recommendation","Both branches of this 'if' statement write to the same variable - consider using '?' to express intent better.","/CWE197_Numeric_Truncation_Error__double_large_to_short_08.cs","43","9","53","9"
"Missed ternary opportunity","An 'if' statement where both branches either (a) return or (b) write to the same variable can often be expressed more clearly using the '?' operator.","recommendation","Both branches of this 'if' statement write to the same variable - consider using '?' to express intent better.","/CWE197_Numeric_Truncation_Error__double_large_to_short_09.cs","29","9","39","9"
"Missed ternary opportunity","An 'if' statement where both branches either (a) return or (b) write to the same variable can often be expressed more clearly using the '?' operator.","recommendation","Both branches of this 'if' statement write to the same variable - consider using '?' to express intent better.","/CWE197_Numeric_Truncation_Error__double_large_to_short_10.cs","29","9","39","9"
"Missed ternary opportunity","An 'if' statement where both branches either (a) return or (b) write to the same variable can often be expressed more clearly using the '?' operator.","recommendation","Both branches of this 'if' statement write to the same variable - consider using '?' to express intent better.","/CWE197_Numeric_Truncation_Error__double_large_to_short_11.cs","29","9","39","9"
"Missed ternary opportunity","An 'if' statement where both branches either (a) return or (b) write to the same variable can often be expressed more clearly using the '?' operator.","recommendation","Both branches of this 'if' statement write to the same variable - consider using '?' to express intent better.","/CWE197_Numeric_Truncation_Error__double_large_to_short_12.cs","29","9","38","9"
"Missed ternary opportunity","An 'if' statement where both branches either (a) return or (b) write to the same variable can often be expressed more clearly using the '?' operator.","recommendation","Both branches of this 'if' statement write to the same variable - consider using '?' to express intent better.","/CWE197_Numeric_Truncation_Error__double_large_to_short_13.cs","29","9","39","9"
"Missed ternary opportunity","An 'if' statement where both branches either (a) return or (b) write to the same variable can often be expressed more clearly using the '?' operator.","recommendation","Both branches of this 'if' statement write to the same variable - consider using '?' to express intent better.","/CWE197_Numeric_Truncation_Error__double_large_to_short_14.cs","29","9","39","9"
"Missed ternary opportunity","An 'if' statement where both branches either (a) return or (b) write to the same variable can often be expressed more clearly using the '?' operator.","recommendation","Both branches of this 'if' statement write to the same variable - consider using '?' to express intent better.","/CWE197_Numeric_Truncation_Error__double_large_to_short_21.cs","43","9","53","9"
"Missed ternary opportunity","An 'if' statement where both branches either (a) return or (b) write to the same variable can often be expressed more clearly using the '?' operator.","recommendation","Both branches of this 'if' statement write to the same variable - consider using '?' to express intent better.","/CWE197_Numeric_Truncation_Error__double_large_to_short_22b.cs","29","9","39","9"
"Compilation message","A message emitted by the compiler, including warnings and errors.","recommendation","Warning CS0162 Unreachable code detected","/CWE197_Numeric_Truncation_Error__double_listen_tcp_to_float_03.cs","112","13","112","16"
"Compilation message","A message emitted by the compiler, including warnings and errors.","recommendation","Warning CS0162 Unreachable code detected","/CWE197_Numeric_Truncation_Error__double_listen_tcp_to_float_15.cs","112","13","112","16"
"Compilation message","A message emitted by the compiler, including warnings and errors.","recommendation","Warning CS0162 Unreachable code detected","/CWE197_Numeric_Truncation_Error__double_listen_tcp_to_float_06.cs","118","13","118","16"
"Compilation message","A message emitted by the compiler, including warnings and errors.","recommendation","Warning CS0162 Unreachable code detected","/CWE197_Numeric_Truncation_Error__double_listen_tcp_to_float_02.cs","112","13","112","16"
"Compilation message","A message emitted by the compiler, including warnings and errors.","recommendation","Warning CS0162 Unreachable code detected","/CWE197_Numeric_Truncation_Error__double_listen_tcp_to_float_04.cs","119","13","119","16"
"Compilation message","A message emitted by the compiler, including warnings and errors.","recommendation","Warning CS0162 Unreachable code detected","/CWE197_Numeric_Truncation_Error__double_Environment_to_float_04.cs","60","13","60","16"
"Compilation message","A message emitted by the compiler, including warnings and errors.","recommendation","Warning CS0162 Unreachable code detected","/CWE197_Numeric_Truncation_Error__double_Environment_to_float_02.cs","53","13","53","16"
"Compilation message","A message emitted by the compiler, including warnings and errors.","recommendation","Warning CS0162 Unreachable code detected","/CWE197_Numeric_Truncation_Error__double_Environment_to_float_03.cs","53","13","53","16"
"Compilation message","A message emitted by the compiler, including warnings and errors.","recommendation","Warning CS0162 Unreachable code detected","/CWE197_Numeric_Truncation_Error__double_Environment_to_float_06.cs","59","13","59","16"
"Compilation message","A message emitted by the compiler, including warnings and errors.","recommendation","Warning CS0162 Unreachable code detected","/CWE197_Numeric_Truncation_Error__double_Environment_to_float_15.cs","53","13","53","16"
"Compilation message","A message emitted by the compiler, including warnings and errors.","recommendation","Warning CS0162 Unreachable code detected","/CWE197_Numeric_Truncation_Error__double_Environment_to_int_04.cs","60","13","60","16"
"Compilation message","A message emitted by the compiler, including warnings and errors.","recommendation","Warning CS0162 Unreachable code detected","/CWE197_Numeric_Truncation_Error__double_Environment_to_int_03.cs","53","13","53","16"
"Compilation message","A message emitted by the compiler, including warnings and errors.","recommendation","Warning CS0162 Unreachable code detected","/CWE197_Numeric_Truncation_Error__double_Environment_to_int_02.cs","53","13","53","16"
"Compilation message","A message emitted by the compiler, including warnings and errors.","recommendation","Warning CS0162 Unreachable code detected","/CWE197_Numeric_Truncation_Error__double_listen_tcp_to_byte_15.cs","112","13","112","16"
"Compilation message","A message emitted by the compiler, including warnings and errors.","recommendation","Warning CS0162 Unreachable code detected","/CWE197_Numeric_Truncation_Error__double_Environment_to_int_15.cs","53","13","53","16"
"Compilation message","A message emitted by the compiler, including warnings and errors.","recommendation","Warning CS0162 Unreachable code detected","/CWE197_Numeric_Truncation_Error__double_Environment_to_long_03.cs","53","13","53","16"
"Compilation message","A message emitted by the compiler, including warnings and errors.","recommendation","Warning CS0162 Unreachable code detected","/CWE197_Numeric_Truncation_Error__double_Environment_to_long_02.cs","53","13","53","16"
"Compilation message","A message emitted by the compiler, including warnings and errors.","recommendation","Warning CS0162 Unreachable code detected","/CWE197_Numeric_Truncation_Error__double_Environment_to_long_04.cs","60","13","60","16"
"Compilation message","A message emitted by the compiler, including warnings and errors.","recommendation","Warning CS0162 Unreachable code detected","/CWE197_Numeric_Truncation_Error__double_Environment_to_long_06.cs","59","13","59","16"
"Compilation message","A message emitted by the compiler, including warnings and errors.","recommendation","Warning CS0162 Unreachable code detected","/CWE197_Numeric_Truncation_Error__double_Environment_to_long_15.cs","53","13","53","16"
"Compilation message","A message emitted by the compiler, including warnings and errors.","recommendation","Warning CS0162 Unreachable code detected","/CWE197_Numeric_Truncation_Error__double_Environment_to_short_03.cs","53","13","53","16"
"Compilation message","A message emitted by the compiler, including warnings and errors.","recommendation","Warning CS0162 Unreachable code detected","/CWE197_Numeric_Truncation_Error__double_Environment_to_short_06.cs","59","13","59","16"
"Compilation message","A message emitted by the compiler, including warnings and errors.","recommendation","Warning CS0162 Unreachable code detected","/CWE197_Numeric_Truncation_Error__double_Environment_to_short_04.cs","60","13","60","16"
"Compilation message","A message emitted by the compiler, including warnings and errors.","recommendation","Warning CS0162 Unreachable code detected","/CWE197_Numeric_Truncation_Error__double_Environment_to_short_02.cs","53","13","53","16"
"Compilation message","A message emitted by the compiler, including warnings and errors.","recommendation","Warning CS0162 Unreachable code detected","/CWE197_Numeric_Truncation_Error__double_Environment_to_short_15.cs","53","13","53","16"
"Compilation message","A message emitted by the compiler, including warnings and errors.","recommendation","Warning CS0162 Unreachable code detected","/CWE197_Numeric_Truncation_Error__double_Environment_to_int_06.cs","59","13","59","16"
"Compilation message","A message emitted by the compiler, including warnings and errors.","recommendation","Warning CS0162 Unreachable code detected","/CWE197_Numeric_Truncation_Error__double_File_to_byte_06.cs","88","13","88","16"
"Compilation message","A message emitted by the compiler, including warnings and errors.","recommendation","Warning CS0162 Unreachable code detected","/CWE197_Numeric_Truncation_Error__double_File_to_byte_03.cs","82","13","82","16"
"Compilation message","A message emitted by the compiler, including warnings and errors.","recommendation","Warning CS0162 Unreachable code detected","/CWE197_Numeric_Truncation_Error__double_File_to_byte_02.cs","82","13","82","16"
"Compilation message","A message emitted by the compiler, including warnings and errors.","recommendation","Warning CS0162 Unreachable code detected","/CWE197_Numeric_Truncation_Error__double_File_to_byte_04.cs","89","13","89","16"
"Compilation message","A message emitted by the compiler, including warnings and errors.","recommendation","Warning CS0162 Unreachable code detected","/CWE197_Numeric_Truncation_Error__double_File_to_float_02.cs","82","13","82","16"
"Compilation message","A message emitted by the compiler, including warnings and errors.","recommendation","Warning CS0162 Unreachable code detected","/CWE197_Numeric_Truncation_Error__double_File_to_float_03.cs","82","13","82","16"
"Compilation message","A message emitted by the compiler, including warnings and errors.","recommendation","Warning CS0162 Unreachable code detected","/CWE197_Numeric_Truncation_Error__double_File_to_float_06.cs","88","13","88","16"
"Compilation message","A message emitted by the compiler, including warnings and errors.","recommendation","Warning CS0162 Unreachable code detected","/CWE197_Numeric_Truncation_Error__double_File_to_float_04.cs","89","13","89","16"
"Compilation message","A message emitted by the compiler, including warnings and errors.","recommendation","Warning CS0162 Unreachable code detected","/CWE197_Numeric_Truncation_Error__double_File_to_float_15.cs","82","13","82","16"
"Compilation message","A message emitted by the compiler, including warnings and errors.","recommendation","Warning CS0162 Unreachable code detected","/CWE197_Numeric_Truncation_Error__double_File_to_byte_15.cs","82","13","82","16"
"Compilation message","A message emitted by the compiler, including warnings and errors.","recommendation","Warning CS0162 Unreachable code detected","/CWE197_Numeric_Truncation_Error__double_File_to_int_06.cs","88","13","88","16"
"Compilation message","A message emitted by the compiler, including warnings and errors.","recommendation","Warning CS0162 Unreachable code detected","/CWE197_Numeric_Truncation_Error__double_File_to_int_02.cs","82","13","82","16"
"Compilation message","A message emitted by the compiler, including warnings and errors.","recommendation","Warning CS0162 Unreachable code detected","/CWE197_Numeric_Truncation_Error__double_File_to_int_03.cs","82","13","82","16"
"Compilation message","A message emitted by the compiler, including warnings and errors.","recommendation","Warning CS0162 Unreachable code detected","/CWE197_Numeric_Truncation_Error__double_File_to_long_03.cs","82","13","82","16"
"Compilation message","A message emitted by the compiler, including warnings and errors.","recommendation","Warning CS0162 Unreachable code detected","/CWE197_Numeric_Truncation_Error__double_File_to_long_02.cs","82","13","82","16"
"Compilation message","A message emitted by the compiler, including warnings and errors.","recommendation","Warning CS0162 Unreachable code detected","/CWE197_Numeric_Truncation_Error__double_File_to_long_04.cs","89","13","89","16"
"Compilation message","A message emitted by the compiler, including warnings and errors.","recommendation","Warning CS0162 Unreachable code detected","/CWE197_Numeric_Truncation_Error__double_File_to_long_15.cs","82","13","82","16"
"Compilation message","A message emitted by the compiler, including warnings and errors.","recommendation","Warning CS0162 Unreachable code detected","/CWE197_Numeric_Truncation_Error__double_File_to_long_06.cs","88","13","88","16"
"Compilation message","A message emitted by the compiler, including warnings and errors.","recommendation","Warning CS0162 Unreachable code detected","/CWE197_Numeric_Truncation_Error__double_File_to_int_15.cs","82","13","82","16"
"Compilation message","A message emitted by the compiler, including warnings and errors.","recommendation","Warning CS0162 Unreachable code detected","/CWE197_Numeric_Truncation_Error__double_File_to_short_03.cs","82","13","82","16"
"Compilation message","A message emitted by the compiler, including warnings and errors.","recommendation","Warning CS0162 Unreachable code detected","/CWE197_Numeric_Truncation_Error__double_File_to_short_04.cs","89","13","89","16"
"Compilation message","A message emitted by the compiler, including warnings and errors.","recommendation","Warning CS0162 Unreachable code detected","/CWE197_Numeric_Truncation_Error__double_File_to_short_06.cs","88","13","88","16"
"Compilation message","A message emitted by the compiler, including warnings and errors.","recommendation","Warning CS0162 Unreachable code detected","/CWE197_Numeric_Truncation_Error__double_File_to_int_04.cs","89","13","89","16"
"Compilation message","A message emitted by the compiler, including warnings and errors.","recommendation","Warning CS0162 Unreachable code detected","/CWE197_Numeric_Truncation_Error__double_File_to_short_02.cs","82","13","82","16"
"Compilation message","A message emitted by the compiler, including warnings and errors.","recommendation","Warning CS0162 Unreachable code detected","/CWE197_Numeric_Truncation_Error__double_File_to_short_15.cs","82","13","82","16"
"Compilation message","A message emitted by the compiler, including warnings and errors.","recommendation","Warning CS0162 Unreachable code detected","/CWE197_Numeric_Truncation_Error__double_large_to_byte_02.cs","38","13","38","16"
"Compilation message","A message emitted by the compiler, including warnings and errors.","recommendation","Warning CS0162 Unreachable code detected","/CWE197_Numeric_Truncation_Error__double_large_to_byte_03.cs","38","13","38","16"
"Compilation message","A message emitted by the compiler, including warnings and errors.","recommendation","Warning CS0162 Unreachable code detected","/CWE197_Numeric_Truncation_Error__double_large_to_byte_06.cs","44","13","44","16"
"Compilation message","A message emitted by the compiler, including warnings and errors.","recommendation","Warning CS0162 Unreachable code detected","/CWE197_Numeric_Truncation_Error__double_large_to_byte_04.cs","45","13","45","16"
"Compilation message","A message emitted by the compiler, including warnings and errors.","recommendation","Warning CS0162 Unreachable code detected","/CWE197_Numeric_Truncation_Error__double_large_to_byte_15.cs","38","13","38","16"
"Compilation message","A message emitted by the compiler, including warnings and errors.","recommendation","Warning CS0162 Unreachable code detected","/CWE197_Numeric_Truncation_Error__double_large_to_float_02.cs","38","13","38","16"
"Compilation message","A message emitted by the compiler, including warnings and errors.","recommendation","Warning CS0162 Unreachable code detected","/CWE197_Numeric_Truncation_Error__double_large_to_float_04.cs","45","13","45","16"
"Compilation message","A message emitted by the compiler, including warnings and errors.","recommendation","Warning CS0162 Unreachable code detected","/CWE197_Numeric_Truncation_Error__double_large_to_float_06.cs","44","13","44","16"
"Compilation message","A message emitted by the compiler, including warnings and errors.","recommendation","Warning CS0162 Unreachable code detected","/CWE197_Numeric_Truncation_Error__double_large_to_float_03.cs","38","13","38","16"
"Compilation message","A message emitted by the compiler, including warnings and errors.","recommendation","Warning CS0162 Unreachable code detected","/CWE197_Numeric_Truncation_Error__double_large_to_float_15.cs","38","13","38","16"
"Compilation message","A message emitted by the compiler, including warnings and errors.","recommendation","Warning CS0162 Unreachable code detected","/CWE197_Numeric_Truncation_Error__double_large_to_int_02.cs","38","13","38","16"
"Compilation message","A message emitted by the compiler, including warnings and errors.","recommendation","Warning CS0162 Unreachable code detected","/CWE197_Numeric_Truncation_Error__double_large_to_int_04.cs","45","13","45","16"
"Compilation message","A message emitted by the compiler, including warnings and errors.","recommendation","Warning CS0162 Unreachable code detected","/CWE197_Numeric_Truncation_Error__double_large_to_int_06.cs","44","13","44","16"
"Compilation message","A message emitted by the compiler, including warnings and errors.","recommendation","Warning CS0162 Unreachable code detected","/CWE197_Numeric_Truncation_Error__double_large_to_int_03.cs","38","13","38","16"
"Compilation message","A message emitted by the compiler, including warnings and errors.","recommendation","Warning CS0162 Unreachable code detected","/CWE197_Numeric_Truncation_Error__double_large_to_int_15.cs","38","13","38","16"
"Compilation message","A message emitted by the compiler, including warnings and errors.","recommendation","Warning CS0162 Unreachable code detected","/CWE197_Numeric_Truncation_Error__double_large_to_long_03.cs","38","13","38","16"
"Compilation message","A message emitted by the compiler, including warnings and errors.","recommendation","Warning CS0162 Unreachable code detected","/CWE197_Numeric_Truncation_Error__double_large_to_long_04.cs","45","13","45","16"
"Compilation message","A message emitted by the compiler, including warnings and errors.","recommendation","Warning CS0162 Unreachable code detected","/CWE197_Numeric_Truncation_Error__double_large_to_long_02.cs","38","13","38","16"
"Compilation message","A message emitted by the compiler, including warnings and errors.","recommendation","Warning CS0162 Unreachable code detected","/CWE197_Numeric_Truncation_Error__double_large_to_long_06.cs","44","13","44","16"
"Compilation message","A message emitted by the compiler, including warnings and errors.","recommendation","Warning CS0162 Unreachable code detected","/CWE197_Numeric_Truncation_Error__double_large_to_long_15.cs","38","13","38","16"
"Compilation message","A message emitted by the compiler, including warnings and errors.","recommendation","Warning CS0162 Unreachable code detected","/CWE197_Numeric_Truncation_Error__double_large_to_short_02.cs","38","13","38","16"
"Compilation message","A message emitted by the compiler, including warnings and errors.","recommendation","Warning CS0162 Unreachable code detected","/CWE197_Numeric_Truncation_Error__double_large_to_short_03.cs","38","13","38","16"
"Compilation message","A message emitted by the compiler, including warnings and errors.","recommendation","Warning CS0162 Unreachable code detected","/CWE197_Numeric_Truncation_Error__double_large_to_short_04.cs","45","13","45","16"
"Compilation message","A message emitted by the compiler, including warnings and errors.","recommendation","Warning CS0162 Unreachable code detected","/CWE197_Numeric_Truncation_Error__double_large_to_short_06.cs","44","13","44","16"
"Compilation message","A message emitted by the compiler, including warnings and errors.","recommendation","Warning CS0162 Unreachable code detected","/CWE197_Numeric_Truncation_Error__double_large_to_short_15.cs","38","13","38","16"
"Compilation message","A message emitted by the compiler, including warnings and errors.","recommendation","Warning CS0162 Unreachable code detected","/CWE197_Numeric_Truncation_Error__double_listen_tcp_to_byte_02.cs","112","13","112","16"
"Compilation message","A message emitted by the compiler, including warnings and errors.","recommendation","Warning CS0162 Unreachable code detected","/CWE197_Numeric_Truncation_Error__double_listen_tcp_to_byte_06.cs","118","13","118","16"
"Compilation message","A message emitted by the compiler, including warnings and errors.","recommendation","Warning CS0162 Unreachable code detected","/CWE197_Numeric_Truncation_Error__double_listen_tcp_to_byte_04.cs","119","13","119","16"
"Compilation message","A message emitted by the compiler, including warnings and errors.","recommendation","Warning CS0162 Unreachable code detected","/CWE197_Numeric_Truncation_Error__double_listen_tcp_to_byte_03.cs","112","13","112","16"
"Compilation message","A message emitted by the compiler, including warnings and errors.","recommendation","Warning CS0169 The field 'CWE197_Numeric_Truncation_Error__double_File_to_long_45.dataGoodG2B' is never used","/CWE197_Numeric_Truncation_Error__double_File_to_long_45.cs","29","20","29","30"
"Compilation message","A message emitted by the compiler, including warnings and errors.","recommendation","Warning CS0169 The field 'CWE197_Numeric_Truncation_Error__double_large_to_float_45.dataGoodG2B' is never used","/CWE197_Numeric_Truncation_Error__double_large_to_float_45.cs","27","20","27","30"
"Compilation message","A message emitted by the compiler, including warnings and errors.","recommendation","Warning CS0169 The field 'CWE197_Numeric_Truncation_Error__double_large_to_byte_45.dataGoodG2B' is never used","/CWE197_Numeric_Truncation_Error__double_large_to_byte_45.cs","27","20","27","30"
"Compilation message","A message emitted by the compiler, including warnings and errors.","recommendation","Warning CS0169 The field 'CWE197_Numeric_Truncation_Error__double_large_to_short_45.dataGoodG2B' is never used","/CWE197_Numeric_Truncation_Error__double_large_to_short_45.cs","27","20","27","30"
"Compilation message","A message emitted by the compiler, including warnings and errors.","recommendation","Warning CS0169 The field 'CWE197_Numeric_Truncation_Error__double_File_to_byte_45.dataGoodG2B' is never used","/CWE197_Numeric_Truncation_Error__double_File_to_byte_45.cs","29","20","29","30"
"Compilation message","A message emitted by the compiler, including warnings and errors.","recommendation","Warning CS0169 The field 'CWE197_Numeric_Truncation_Error__double_Environment_to_float_45.dataGoodG2B' is never used","/CWE197_Numeric_Truncation_Error__double_Environment_to_float_45.cs","27","20","27","30"
"Compilation message","A message emitted by the compiler, including warnings and errors.","recommendation","Warning CS0169 The field 'CWE197_Numeric_Truncation_Error__double_File_to_short_45.dataGoodG2B' is never used","/CWE197_Numeric_Truncation_Error__double_File_to_short_45.cs","29","20","29","30"
"Compilation message","A message emitted by the compiler, including warnings and errors.","recommendation","Warning CS0169 The field 'CWE197_Numeric_Truncation_Error__double_Environment_to_int_45.dataGoodG2B' is never used","/CWE197_Numeric_Truncation_Error__double_Environment_to_int_45.cs","27","20","27","30"
"Compilation message","A message emitted by the compiler, including warnings and errors.","recommendation","Warning CS0169 The field 'CWE197_Numeric_Truncation_Error__double_File_to_int_45.dataGoodG2B' is never used","/CWE197_Numeric_Truncation_Error__double_File_to_int_45.cs","29","20","29","30"
"Compilation message","A message emitted by the compiler, including warnings and errors.","recommendation","Warning CS0169 The field 'CWE197_Numeric_Truncation_Error__double_Environment_to_short_45.dataGoodG2B' is never used","/CWE197_Numeric_Truncation_Error__double_Environment_to_short_45.cs","27","20","27","30"
"Compilation message","A message emitted by the compiler, including warnings and errors.","recommendation","Warning CS0169 The field 'CWE197_Numeric_Truncation_Error__double_File_to_float_45.dataGoodG2B' is never used","/CWE197_Numeric_Truncation_Error__double_File_to_float_45.cs","29","20","29","30"
"Compilation message","A message emitted by the compiler, including warnings and errors.","recommendation","Warning CS0169 The field 'CWE197_Numeric_Truncation_Error__double_large_to_int_45.dataGoodG2B' is never used","/CWE197_Numeric_Truncation_Error__double_large_to_int_45.cs","27","20","27","30"
"Compilation message","A message emitted by the compiler, including warnings and errors.","recommendation","Warning CS0169 The field 'CWE197_Numeric_Truncation_Error__double_large_to_long_45.dataGoodG2B' is never used","/CWE197_Numeric_Truncation_Error__double_large_to_long_45.cs","27","20","27","30"
"Compilation message","A message emitted by the compiler, including warnings and errors.","recommendation","Warning CS0169 The field 'CWE197_Numeric_Truncation_Error__double_listen_tcp_to_float_45.dataGoodG2B' is never used","/CWE197_Numeric_Truncation_Error__double_listen_tcp_to_float_45.cs","31","20","31","30"
"Compilation message","A message emitted by the compiler, including warnings and errors.","recommendation","Warning CS0169 The field 'CWE197_Numeric_Truncation_Error__double_listen_tcp_to_byte_45.dataGoodG2B' is never used","/CWE197_Numeric_Truncation_Error__double_listen_tcp_to_byte_45.cs","31","20","31","30"
"Compilation message","A message emitted by the compiler, including warnings and errors.","recommendation","Warning CS0169 The field 'CWE197_Numeric_Truncation_Error__double_Environment_to_long_45.dataGoodG2B' is never used","/CWE197_Numeric_Truncation_Error__double_Environment_to_long_45.cs","27","20","27","30"
"Compilation message","A message emitted by the compiler, including warnings and errors.","recommendation","Warning CS0414 The field 'CWE197_Numeric_Truncation_Error__double_large_to_int_21.goodG2B1_private' is assigned but its value is never used","/CWE197_Numeric_Truncation_Error__double_large_to_int_21.cs","58","18","58","33"
"Compilation message","A message emitted by the compiler, including warnings and errors.","recommendation","Warning CS0414 The field 'CWE197_Numeric_Truncation_Error__double_File_to_int_05.privateFalse' is assigned but its value is never used","/CWE197_Numeric_Truncation_Error__double_File_to_int_05.cs","32","18","32","29"
"Compilation message","A message emitted by the compiler, including warnings and errors.","recommendation","Warning CS0414 The field 'CWE197_Numeric_Truncation_Error__double_large_to_float_21.goodG2B1_private' is assigned but its value is never used","/CWE197_Numeric_Truncation_Error__double_large_to_float_21.cs","58","18","58","33"
"Compilation message","A message emitted by the compiler, including warnings and errors.","recommendation","Warning CS0414 The field 'CWE197_Numeric_Truncation_Error__double_Environment_to_float_21.GoodG2B2_private' is assigned but its value is never used","/CWE197_Numeric_Truncation_Error__double_Environment_to_float_21.cs","74","18","74","33"
"Compilation message","A message emitted by the compiler, including warnings and errors.","recommendation","Warning CS0414 The field 'CWE197_Numeric_Truncation_Error__double_large_to_byte_21.GoodG2B2_private' is assigned but its value is never used","/CWE197_Numeric_Truncation_Error__double_large_to_byte_21.cs","59","18","59","33"
"Compilation message","A message emitted by the compiler, including warnings and errors.","recommendation","Warning CS0414 The field 'CWE197_Numeric_Truncation_Error__double_listen_tcp_to_float_21.GoodG2B2_private' is assigned but its value is never used","/CWE197_Numeric_Truncation_Error__double_listen_tcp_to_float_21.cs","133","18","133","33"
"Compilation message","A message emitted by the compiler, including warnings and errors.","recommendation","Warning CS0414 The field 'CWE197_Numeric_Truncation_Error__double_File_to_byte_21.GoodG2B2_private' is assigned but its value is never used","/CWE197_Numeric_Truncation_Error__double_File_to_byte_21.cs","103","18","103","33"
"Compilation message","A message emitted by the compiler, including warnings and errors.","recommendation","Warning CS0414 The field 'CWE197_Numeric_Truncation_Error__double_Environment_to_short_21.goodG2B1_private' is assigned but its value is never used","/CWE197_Numeric_Truncation_Error__double_Environment_to_short_21.cs","73","18","73","33"
"Compilation message","A message emitted by the compiler, including warnings and errors.","recommendation","Warning CS0414 The field 'CWE197_Numeric_Truncation_Error__double_large_to_int_05.privateFalse' is assigned but its value is never used","/CWE197_Numeric_Truncation_Error__double_large_to_int_05.cs","30","18","30","29"
"Compilation message","A message emitted by the compiler, including warnings and errors.","recommendation","Warning CS0414 The field 'CWE197_Numeric_Truncation_Error__double_listen_tcp_to_byte_21.goodG2B1_private' is assigned but its value is never used","/CWE197_Numeric_Truncation_Error__double_listen_tcp_to_byte_21.cs","132","18","132","33"
"Compilation message","A message emitted by the compiler, including warnings and errors.","recommendation","Warning CS0414 The field 'CWE197_Numeric_Truncation_Error__double_large_to_long_05.privateFalse' is assigned but its value is never used","/CWE197_Numeric_Truncation_Error__double_large_to_long_05.cs","30","18","30","29"
"Compilation message","A message emitted by the compiler, including warnings and errors.","recommendation","Warning CS0414 The field 'CWE197_Numeric_Truncation_Error__double_Environment_to_short_05.privateFalse' is assigned but its value is never used","/CWE197_Numeric_Truncation_Error__double_Environment_to_short_05.cs","30","18","30","29"
"Compilation message","A message emitted by the compiler, including warnings and errors.","recommendation","Warning CS0414 The field 'CWE197_Numeric_Truncation_Error__double_listen_tcp_to_byte_21.GoodG2B2_private' is assigned but its value is never used","/CWE197_Numeric_Truncation_Error__double_listen_tcp_to_byte_21.cs","133","18","133","33"
"Compilation message","A message emitted by the compiler, including warnings and errors.","recommendation","Warning CS0414 The field 'CWE197_Numeric_Truncation_Error__double_large_to_short_21.goodG2B1_private' is assigned but its value is never used","/CWE197_Numeric_Truncation_Error__double_large_to_short_21.cs","58","18","58","33"
"Compilation message","A message emitted by the compiler, including warnings and errors.","recommendation","Warning CS0414 The field 'CWE197_Numeric_Truncation_Error__double_large_to_long_21.GoodG2B2_private' is assigned but its value is never used","/CWE197_Numeric_Truncation_Error__double_large_to_long_21.cs","59","18","59","33"
"Compilation message","A message emitted by the compiler, including warnings and errors.","recommendation","Warning CS0414 The field 'CWE197_Numeric_Truncation_Error__double_Environment_to_int_05.privateFalse' is assigned but its value is never used","/CWE197_Numeric_Truncation_Error__double_Environment_to_int_05.cs","30","18","30","29"
"Compilation message","A message emitted by the compiler, including warnings and errors.","recommendation","Warning CS0414 The field 'CWE197_Numeric_Truncation_Error__double_large_to_byte_21.goodG2B1_private' is assigned but its value is never used","/CWE197_Numeric_Truncation_Error__double_large_to_byte_21.cs","58","18","58","33"
"Compilation message","A message emitted by the compiler, including warnings and errors.","recommendation","Warning CS0414 The field 'CWE197_Numeric_Truncation_Error__double_File_to_float_21.goodG2B1_private' is assigned but its value is never used","/CWE197_Numeric_Truncation_Error__double_File_to_float_21.cs","102","18","102","33"
"Compilation message","A message emitted by the compiler, including warnings and errors.","recommendation","Warning CS0414 The field 'CWE197_Numeric_Truncation_Error__double_large_to_byte_05.privateFalse' is assigned but its value is never used","/CWE197_Numeric_Truncation_Error__double_large_to_byte_05.cs","30","18","30","29"
"Compilation message","A message emitted by the compiler, including warnings and errors.","recommendation","Warning CS0414 The field 'CWE197_Numeric_Truncation_Error__double_File_to_long_05.privateFalse' is assigned but its value is never used","/CWE197_Numeric_Truncation_Error__double_File_to_long_05.cs","32","18","32","29"
"Compilation message","A message emitted by the compiler, including warnings and errors.","recommendation","Warning CS0414 The field 'CWE197_Numeric_Truncation_Error__double_File_to_long_21.goodG2B1_private' is assigned but its value is never used","/CWE197_Numeric_Truncation_Error__double_File_to_long_21.cs","102","18","102","33"
"Compilation message","A message emitted by the compiler, including warnings and errors.","recommendation","Warning CS0414 The field 'CWE197_Numeric_Truncation_Error__double_Environment_to_int_21.goodG2B1_private' is assigned but its value is never used","/CWE197_Numeric_Truncation_Error__double_Environment_to_int_21.cs","73","18","73","33"
"Compilation message","A message emitted by the compiler, including warnings and errors.","recommendation","Warning CS0414 The field 'CWE197_Numeric_Truncation_Error__double_File_to_int_21.goodG2B1_private' is assigned but its value is never used","/CWE197_Numeric_Truncation_Error__double_File_to_int_21.cs","102","18","102","33"
"Compilation message","A message emitted by the compiler, including warnings and errors.","recommendation","Warning CS0414 The field 'CWE197_Numeric_Truncation_Error__double_File_to_float_05.privateFalse' is assigned but its value is never used","/CWE197_Numeric_Truncation_Error__double_File_to_float_05.cs","32","18","32","29"
"Compilation message","A message emitted by the compiler, including warnings and errors.","recommendation","Warning CS0414 The field 'CWE197_Numeric_Truncation_Error__double_large_to_float_21.GoodG2B2_private' is assigned but its value is never used","/CWE197_Numeric_Truncation_Error__double_large_to_float_21.cs","59","18","59","33"
"Compilation message","A message emitted by the compiler, including warnings and errors.","recommendation","Warning CS0414 The field 'CWE197_Numeric_Truncation_Error__double_Environment_to_long_21.goodG2B1_private' is assigned but its value is never used","/CWE197_Numeric_Truncation_Error__double_Environment_to_long_21.cs","73","18","73","33"
"Compilation message","A message emitted by the compiler, including warnings and errors.","recommendation","Warning CS0414 The field 'CWE197_Numeric_Truncation_Error__double_large_to_short_05.privateFalse' is assigned but its value is never used","/CWE197_Numeric_Truncation_Error__double_large_to_short_05.cs","30","18","30","29"
"Compilation message","A message emitted by the compiler, including warnings and errors.","recommendation","Warning CS0414 The field 'CWE197_Numeric_Truncation_Error__double_Environment_to_short_21.GoodG2B2_private' is assigned but its value is never used","/CWE197_Numeric_Truncation_Error__double_Environment_to_short_21.cs","74","18","74","33"
"Compilation message","A message emitted by the compiler, including warnings and errors.","recommendation","Warning CS0414 The field 'CWE197_Numeric_Truncation_Error__double_File_to_short_21.goodG2B1_private' is assigned but its value is never used","/CWE197_Numeric_Truncation_Error__double_File_to_short_21.cs","102","18","102","33"
"Compilation message","A message emitted by the compiler, including warnings and errors.","recommendation","Warning CS0414 The field 'CWE197_Numeric_Truncation_Error__double_File_to_int_21.GoodG2B2_private' is assigned but its value is never used","/CWE197_Numeric_Truncation_Error__double_File_to_int_21.cs","103","18","103","33"
"Compilation message","A message emitted by the compiler, including warnings and errors.","recommendation","Warning CS0414 The field 'CWE197_Numeric_Truncation_Error__double_Environment_to_float_21.goodG2B1_private' is assigned but its value is never used","/CWE197_Numeric_Truncation_Error__double_Environment_to_float_21.cs","73","18","73","33"
"Compilation message","A message emitted by the compiler, including warnings and errors.","recommendation","Warning CS0414 The field 'CWE197_Numeric_Truncation_Error__double_File_to_byte_05.privateFalse' is assigned but its value is never used","/CWE197_Numeric_Truncation_Error__double_File_to_byte_05.cs","32","18","32","29"
"Compilation message","A message emitted by the compiler, including warnings and errors.","recommendation","Warning CS0414 The field 'CWE197_Numeric_Truncation_Error__double_large_to_short_21.GoodG2B2_private' is assigned but its value is never used","/CWE197_Numeric_Truncation_Error__double_large_to_short_21.cs","59","18","59","33"
"Compilation message","A message emitted by the compiler, including warnings and errors.","recommendation","Warning CS0414 The field 'CWE197_Numeric_Truncation_Error__double_large_to_int_21.GoodG2B2_private' is assigned but its value is never used","/CWE197_Numeric_Truncation_Error__double_large_to_int_21.cs","59","18","59","33"
"Compilation message","A message emitted by the compiler, including warnings and errors.","recommendation","Warning CS0414 The field 'CWE197_Numeric_Truncation_Error__double_large_to_float_05.privateFalse' is assigned but its value is never used","/CWE197_Numeric_Truncation_Error__double_large_to_float_05.cs","30","18","30","29"
"Compilation message","A message emitted by the compiler, including warnings and errors.","recommendation","Warning CS0414 The field 'CWE197_Numeric_Truncation_Error__double_File_to_long_21.GoodG2B2_private' is assigned but its value is never used","/CWE197_Numeric_Truncation_Error__double_File_to_long_21.cs","103","18","103","33"
"Compilation message","A message emitted by the compiler, including warnings and errors.","recommendation","Warning CS0414 The field 'CWE197_Numeric_Truncation_Error__double_File_to_short_05.privateFalse' is assigned but its value is never used","/CWE197_Numeric_Truncation_Error__double_File_to_short_05.cs","32","18","32","29"
"Compilation message","A message emitted by the compiler, including warnings and errors.","recommendation","Warning CS0414 The field 'CWE197_Numeric_Truncation_Error__double_File_to_short_21.GoodG2B2_private' is assigned but its value is never used","/CWE197_Numeric_Truncation_Error__double_File_to_short_21.cs","103","18","103","33"
"Compilation message","A message emitted by the compiler, including warnings and errors.","recommendation","Warning CS0414 The field 'CWE197_Numeric_Truncation_Error__double_File_to_byte_21.goodG2B1_private' is assigned but its value is never used","/CWE197_Numeric_Truncation_Error__double_File_to_byte_21.cs","102","18","102","33"
"Compilation message","A message emitted by the compiler, including warnings and errors.","recommendation","Warning CS0414 The field 'CWE197_Numeric_Truncation_Error__double_large_to_long_21.goodG2B1_private' is assigned but its value is never used","/CWE197_Numeric_Truncation_Error__double_large_to_long_21.cs","58","18","58","33"
"Compilation message","A message emitted by the compiler, including warnings and errors.","recommendation","Warning CS0414 The field 'CWE197_Numeric_Truncation_Error__double_File_to_float_21.GoodG2B2_private' is assigned but its value is never used","/CWE197_Numeric_Truncation_Error__double_File_to_float_21.cs","103","18","103","33"
"Compilation message","A message emitted by the compiler, including warnings and errors.","recommendation","Warning CS0414 The field 'CWE197_Numeric_Truncation_Error__double_Environment_to_long_21.GoodG2B2_private' is assigned but its value is never used","/CWE197_Numeric_Truncation_Error__double_Environment_to_long_21.cs","74","18","74","33"
"Compilation message","A message emitted by the compiler, including warnings and errors.","recommendation","Warning CS0414 The field 'CWE197_Numeric_Truncation_Error__double_listen_tcp_to_float_05.privateFalse' is assigned but its value is never used","/CWE197_Numeric_Truncation_Error__double_listen_tcp_to_float_05.cs","34","18","34","29"
"Compilation message","A message emitted by the compiler, including warnings and errors.","recommendation","Warning CS0414 The field 'CWE197_Numeric_Truncation_Error__double_listen_tcp_to_float_21.goodG2B1_private' is assigned but its value is never used","/CWE197_Numeric_Truncation_Error__double_listen_tcp_to_float_21.cs","132","18","132","33"
"Compilation message","A message emitted by the compiler, including warnings and errors.","recommendation","Warning CS0414 The field 'CWE197_Numeric_Truncation_Error__double_Environment_to_float_05.privateFalse' is assigned but its value is never used","/CWE197_Numeric_Truncation_Error__double_Environment_to_float_05.cs","30","18","30","29"
"Compilation message","A message emitted by the compiler, including warnings and errors.","recommendation","Warning CS0414 The field 'CWE197_Numeric_Truncation_Error__double_listen_tcp_to_byte_05.privateFalse' is assigned but its value is never used","/CWE197_Numeric_Truncation_Error__double_listen_tcp_to_byte_05.cs","34","18","34","29"
"Compilation message","A message emitted by the compiler, including warnings and errors.","recommendation","Warning CS0414 The field 'CWE197_Numeric_Truncation_Error__double_Environment_to_int_21.GoodG2B2_private' is assigned but its value is never used","/CWE197_Numeric_Truncation_Error__double_Environment_to_int_21.cs","74","18","74","33"
"Compilation message","A message emitted by the compiler, including warnings and errors.","recommendation","Warning CS0414 The field 'CWE197_Numeric_Truncation_Error__double_Environment_to_long_05.privateFalse' is assigned but its value is never used","/CWE197_Numeric_Truncation_Error__double_Environment_to_long_05.cs","30","18","30","29"
"Static field written by instance method","Finds instance methods that write static fields. This is tricky to get right if multiple instances are being manipulated, and generally bad practice.","recommendation","Write to static field from instance method or constructor.","/CWE197_Numeric_Truncation_Error__double_Environment_to_float_22a.cs","32","9","32","23"
"Static field written by instance method","Finds instance methods that write static fields. This is tricky to get right if multiple instances are being manipulated, and generally bad practice.","recommendation","Write to static field from instance method or constructor.","/CWE197_Numeric_Truncation_Error__double_Environment_to_float_68a.cs","29","9","29","12"
"Static field written by instance method","Finds instance methods that write static fields. This is tricky to get right if multiple instances are being manipulated, and generally bad practice.","recommendation","Write to static field from instance method or constructor.","/CWE197_Numeric_Truncation_Error__double_Environment_to_float_68a.cs","38","21","38","24"
"Static field written by instance method","Finds instance methods that write static fields. This is tricky to get right if multiple instances are being manipulated, and generally bad practice.","recommendation","Write to static field from instance method or constructor.","/CWE197_Numeric_Truncation_Error__double_Environment_to_int_22a.cs","32","9","32","23"
"Static field written by instance method","Finds instance methods that write static fields. This is tricky to get right if multiple instances are being manipulated, and generally bad practice.","recommendation","Write to static field from instance method or constructor.","/CWE197_Numeric_Truncation_Error__double_Environment_to_int_68a.cs","29","9","29","12"
"Static field written by instance method","Finds instance methods that write static fields. This is tricky to get right if multiple instances are being manipulated, and generally bad practice.","recommendation","Write to static field from instance method or constructor.","/CWE197_Numeric_Truncation_Error__double_Environment_to_int_68a.cs","38","21","38","24"
"Static field written by instance method","Finds instance methods that write static fields. This is tricky to get right if multiple instances are being manipulated, and generally bad practice.","recommendation","Write to static field from instance method or constructor.","/CWE197_Numeric_Truncation_Error__double_Environment_to_long_22a.cs","32","9","32","23"
"Static field written by instance method","Finds instance methods that write static fields. This is tricky to get right if multiple instances are being manipulated, and generally bad practice.","recommendation","Write to static field from instance method or constructor.","/CWE197_Numeric_Truncation_Error__double_Environment_to_long_68a.cs","29","9","29","12"
"Static field written by instance method","Finds instance methods that write static fields. This is tricky to get right if multiple instances are being manipulated, and generally bad practice.","recommendation","Write to static field from instance method or constructor.","/CWE197_Numeric_Truncation_Error__double_Environment_to_long_68a.cs","38","21","38","24"
"Static field written by instance method","Finds instance methods that write static fields. This is tricky to get right if multiple instances are being manipulated, and generally bad practice.","recommendation","Write to static field from instance method or constructor.","/CWE197_Numeric_Truncation_Error__double_Environment_to_short_22a.cs","32","9","32","23"
"Static field written by instance method","Finds instance methods that write static fields. This is tricky to get right if multiple instances are being manipulated, and generally bad practice.","recommendation","Write to static field from instance method or constructor.","/CWE197_Numeric_Truncation_Error__double_Environment_to_short_68a.cs","29","9","29","12"
"Static field written by instance method","Finds instance methods that write static fields. This is tricky to get right if multiple instances are being manipulated, and generally bad practice.","recommendation","Write to static field from instance method or constructor.","/CWE197_Numeric_Truncation_Error__double_Environment_to_short_68a.cs","38","21","38","24"
"Static field written by instance method","Finds instance methods that write static fields. This is tricky to get right if multiple instances are being manipulated, and generally bad practice.","recommendation","Write to static field from instance method or constructor.","/CWE197_Numeric_Truncation_Error__double_File_to_byte_22a.cs","32","9","32","23"
"Static field written by instance method","Finds instance methods that write static fields. This is tricky to get right if multiple instances are being manipulated, and generally bad practice.","recommendation","Write to static field from instance method or constructor.","/CWE197_Numeric_Truncation_Error__double_File_to_byte_68a.cs","31","9","31","12"
"Static field written by instance method","Finds instance methods that write static fields. This is tricky to get right if multiple instances are being manipulated, and generally bad practice.","recommendation","Write to static field from instance method or constructor.","/CWE197_Numeric_Truncation_Error__double_File_to_byte_68a.cs","47","25","47","28"
"Static field written by instance method","Finds instance methods that write static fields. This is tricky to get right if multiple instances are being manipulated, and generally bad practice.","recommendation","Write to static field from instance method or constructor.","/CWE197_Numeric_Truncation_Error__double_File_to_float_22a.cs","32","9","32","23"
"Static field written by instance method","Finds instance methods that write static fields. This is tricky to get right if multiple instances are being manipulated, and generally bad practice.","recommendation","Write to static field from instance method or constructor.","/CWE197_Numeric_Truncation_Error__double_File_to_float_68a.cs","31","9","31","12"
"Static field written by instance method","Finds instance methods that write static fields. This is tricky to get right if multiple instances are being manipulated, and generally bad practice.","recommendation","Write to static field from instance method or constructor.","/CWE197_Numeric_Truncation_Error__double_File_to_float_68a.cs","47","25","47","28"
"Static field written by instance method","Finds instance methods that write static fields. This is tricky to get right if multiple instances are being manipulated, and generally bad practice.","recommendation","Write to static field from instance method or constructor.","/CWE197_Numeric_Truncation_Error__double_File_to_int_22a.cs","32","9","32","23"
"Static field written by instance method","Finds instance methods that write static fields. This is tricky to get right if multiple instances are being manipulated, and generally bad practice.","recommendation","Write to static field from instance method or constructor.","/CWE197_Numeric_Truncation_Error__double_File_to_int_68a.cs","31","9","31","12"
"Static field written by instance method","Finds instance methods that write static fields. This is tricky to get right if multiple instances are being manipulated, and generally bad practice.","recommendation","Write to static field from instance method or constructor.","/CWE197_Numeric_Truncation_Error__double_File_to_int_68a.cs","47","25","47","28"
"Static field written by instance method","Finds instance methods that write static fields. This is tricky to get right if multiple instances are being manipulated, and generally bad practice.","recommendation","Write to static field from instance method or constructor.","/CWE197_Numeric_Truncation_Error__double_File_to_long_22a.cs","32","9","32","23"
"Static field written by instance method","Finds instance methods that write static fields. This is tricky to get right if multiple instances are being manipulated, and generally bad practice.","recommendation","Write to static field from instance method or constructor.","/CWE197_Numeric_Truncation_Error__double_File_to_long_68a.cs","31","9","31","12"
"Static field written by instance method","Finds instance methods that write static fields. This is tricky to get right if multiple instances are being manipulated, and generally bad practice.","recommendation","Write to static field from instance method or constructor.","/CWE197_Numeric_Truncation_Error__double_File_to_long_68a.cs","47","25","47","28"
"Static field written by instance method","Finds instance methods that write static fields. This is tricky to get right if multiple instances are being manipulated, and generally bad practice.","recommendation","Write to static field from instance method or constructor.","/CWE197_Numeric_Truncation_Error__double_File_to_short_22a.cs","32","9","32","23"
"Static field written by instance method","Finds instance methods that write static fields. This is tricky to get right if multiple instances are being manipulated, and generally bad practice.","recommendation","Write to static field from instance method or constructor.","/CWE197_Numeric_Truncation_Error__double_File_to_short_68a.cs","31","9","31","12"
"Static field written by instance method","Finds instance methods that write static fields. This is tricky to get right if multiple instances are being manipulated, and generally bad practice.","recommendation","Write to static field from instance method or constructor.","/CWE197_Numeric_Truncation_Error__double_File_to_short_68a.cs","47","25","47","28"
"Static field written by instance method","Finds instance methods that write static fields. This is tricky to get right if multiple instances are being manipulated, and generally bad practice.","recommendation","Write to static field from instance method or constructor.","/CWE197_Numeric_Truncation_Error__double_large_to_byte_22a.cs","32","9","32","23"
"Static field written by instance method","Finds instance methods that write static fields. This is tricky to get right if multiple instances are being manipulated, and generally bad practice.","recommendation","Write to static field from instance method or constructor.","/CWE197_Numeric_Truncation_Error__double_large_to_byte_68a.cs","30","9","30","12"
"Static field written by instance method","Finds instance methods that write static fields. This is tricky to get right if multiple instances are being manipulated, and generally bad practice.","recommendation","Write to static field from instance method or constructor.","/CWE197_Numeric_Truncation_Error__double_large_to_float_22a.cs","32","9","32","23"
"Static field written by instance method","Finds instance methods that write static fields. This is tricky to get right if multiple instances are being manipulated, and generally bad practice.","recommendation","Write to static field from instance method or constructor.","/CWE197_Numeric_Truncation_Error__double_large_to_float_68a.cs","30","9","30","12"
"Static field written by instance method","Finds instance methods that write static fields. This is tricky to get right if multiple instances are being manipulated, and generally bad practice.","recommendation","Write to static field from instance method or constructor.","/CWE197_Numeric_Truncation_Error__double_large_to_int_22a.cs","32","9","32","23"
"Static field written by instance method","Finds instance methods that write static fields. This is tricky to get right if multiple instances are being manipulated, and generally bad practice.","recommendation","Write to static field from instance method or constructor.","/CWE197_Numeric_Truncation_Error__double_large_to_int_68a.cs","30","9","30","12"
"Static field written by instance method","Finds instance methods that write static fields. This is tricky to get right if multiple instances are being manipulated, and generally bad practice.","recommendation","Write to static field from instance method or constructor.","/CWE197_Numeric_Truncation_Error__double_large_to_long_22a.cs","32","9","32","23"
"Static field written by instance method","Finds instance methods that write static fields. This is tricky to get right if multiple instances are being manipulated, and generally bad practice.","recommendation","Write to static field from instance method or constructor.","/CWE197_Numeric_Truncation_Error__double_large_to_long_68a.cs","30","9","30","12"
"Static field written by instance method","Finds instance methods that write static fields. This is tricky to get right if multiple instances are being manipulated, and generally bad practice.","recommendation","Write to static field from instance method or constructor.","/CWE197_Numeric_Truncation_Error__double_large_to_short_22a.cs","32","9","32","23"
"Static field written by instance method","Finds instance methods that write static fields. This is tricky to get right if multiple instances are being manipulated, and generally bad practice.","recommendation","Write to static field from instance method or constructor.","/CWE197_Numeric_Truncation_Error__double_large_to_short_68a.cs","30","9","30","12"
"Static field written by instance method","Finds instance methods that write static fields. This is tricky to get right if multiple instances are being manipulated, and generally bad practice.","recommendation","Write to static field from instance method or constructor.","/CWE197_Numeric_Truncation_Error__double_listen_tcp_to_byte_22a.cs","32","9","32","23"
"Static field written by instance method","Finds instance methods that write static fields. This is tricky to get right if multiple instances are being manipulated, and generally bad practice.","recommendation","Write to static field from instance method or constructor.","/CWE197_Numeric_Truncation_Error__double_listen_tcp_to_byte_68a.cs","33","9","33","12"
"Static field written by instance method","Finds instance methods that write static fields. This is tricky to get right if multiple instances are being manipulated, and generally bad practice.","recommendation","Write to static field from instance method or constructor.","/CWE197_Numeric_Truncation_Error__double_listen_tcp_to_byte_68a.cs","52","25","52","28"
"Static field written by instance method","Finds instance methods that write static fields. This is tricky to get right if multiple instances are being manipulated, and generally bad practice.","recommendation","Write to static field from instance method or constructor.","/CWE197_Numeric_Truncation_Error__double_listen_tcp_to_float_22a.cs","32","9","32","23"
"Static field written by instance method","Finds instance methods that write static fields. This is tricky to get right if multiple instances are being manipulated, and generally bad practice.","recommendation","Write to static field from instance method or constructor.","/CWE197_Numeric_Truncation_Error__double_listen_tcp_to_float_68a.cs","33","9","33","12"
"Static field written by instance method","Finds instance methods that write static fields. This is tricky to get right if multiple instances are being manipulated, and generally bad practice.","recommendation","Write to static field from instance method or constructor.","/CWE197_Numeric_Truncation_Error__double_listen_tcp_to_float_68a.cs","52","25","52","28"
